"gen","AllC","AllD","Random","TitForTat","SuspiciousTFT","GenerousTFT","TitFor2Tats","2TitsForTat","Grim","Pavlov","Gradual","ZD-Extort-2","ZD-Generous"
1,0.08429392520549597,0.058462723865127325,0.06590112364195437,0.08441969458088906,0.06220976477166199,0.08629958661044285,0.08545604531513025,0.08163836301933293,0.08250185011867261,0.08341797197863937,0.08248550564037263,0.056700844509400536,0.08621260074288023
21,0.11010471149425913,0.00023638467127415206,0.000574459830211415,0.11327682339309582,0.0005114322101476386,0.12188987624744876,0.11750236118713411,0.09892065430892698,0.1038264847091063,0.10710334518319407,0.10382135982902944,0.0002296567971684678,0.1220024501390038
41,0.1101715537381494,0.0002189148977163024,0.0003009222509626618,0.11334368277278814,0.0002998627667069791,0.12199787495684321,0.11758991769474844,0.09892811293660712,0.10384130762897431,0.10714326100509625,0.10383690208726275,0.0002162299617709056,0.12211145730237327
61,0.1101880829825412,0.00021893404848112287,0.0003002591073790771,0.11334381560795895,0.00029937191162401905,0.12202771455522309,0.11760836161920064,0.09890463613161488,0.10381144152743978,0.10713495184073178,0.10380723929718944,0.00021625317698977507,0.12213893819362626
81,0.11020423628830807,0.00021895702653084435,0.00030033086815279165,0.11334376344492893,0.0002994367046563472,0.12205699908983403,0.1176263903500624,0.09888139040798581,0.10378186420341602,0.10712660609237236,0.10377786121065621,0.00021627886255411752,0.12216588545054197
101,0.11022014159994019,0.00021897968509354326,0.00030040365483641657,0.11334369588979851,0.0002995021232078615,0.12208592864231059,0.11764417962732517,0.09885844922879922,0.10375268458691711,0.10711834430469293,0.10374887822379311,0.00021630421397362637,0.12219250821931182
121,0.11023580298275237,0.00021900202494702875,0.00030047549902994614,0.11334361378438006,0.00029956671274347136,0.12211450801688258,0.11766173306428547,0.09883580879996648,0.10372389760463187,0.10711016604661218,0.10372028530105006,0.00021632923312536284,0.12221881092959337
141,0.11025122412080879,0.0002190240505072663,0.00030054640731842764,0.11334351751402692,0.0002996304796803955,0.12214274144865044,0.11767905377760104,0.0988134651709057,0.10369549794790955,0.10710207056948497,0.10369207716731907,0.0002163539243086741,0.1222447974214789
161,0.11026640864261845,0.00021904576613949496,0.0003006163914872682,0.11334340745547865,0.00029969343418028083,0.12217063312015816,0.1176961448417589,0.09879141444240548,0.10366748037927676,0.10709405712888685,0.10366424861822401,0.0002163782917748438,0.12227047148761071
181,0.11028136012278816,0.00021906717615026889,0.0003006854631989313,0.11334328397818279,0.0002997555862978379,0.12219818716338758,0.11771300929081667,0.09876965276651165,0.10363983973229714,0.10708612498547296,0.10363679451999662,0.00021640233972178714,0.1222958368751776
201,0.11029608208280879,0.00021908828478816417,0.000300753633979801,0.11334314744442112,0.0002998169459717522,0.12222540766037446,0.11772965011893322,0.09874817634585649,0.10361257091061084,0.10707827340497422,0.10360970980852123,0.00021642607229465228,0.12232089728646527
221,0.11031057799182752,0.00021910909624450406,0.0003008209152214232,0.11334299820943132,0.00029987752302576917,0.122252298643814,0.11774607028089003,0.09872698143299508,0.10358566888698459,0.10707050165819305,0.10358298948839002,0.00021644949358643378,0.12234565637939619
241,0.11032485126740953,0.00021912961465407496,0.0003008873181817801,0.11334283662152621,0.0002999373271697984,0.12227886409765829,0.11776227269260571,0.09870606432975014,0.10355912870237478,0.10706280902099626,0.10355662863197193,0.00021647260763857942,0.12237011776806321
261,0.1103389052762883,0.00021914984409583498,0.0003009528539865622,0.11334266302221171,0.0002999963680010158,0.12230510795770656,0.11777826023164313,0.09868542138656614,0.10353294546500255,0.10705519477430828,0.10353062237849268,0.00021649541844159104,0.12239428502325564
281,0.11035274333510696,0.0002191697885936174,0.0003010175336304384,0.11334247774630245,0.00030005465500496055,0.12233103411218897,0.11779403573771104,0.09866504900187086,0.10350711434944232,0.10704765820410378,0.10350496593312866,0.00021651792993562113,0.12241816167298039
301,0.11036636871114716,0.00021918945211682407,0.00030108136797831955,0.11334228112203598,0.00030011219755662747,0.1223566464023425,0.11780960201315811,0.09864494362144562,0.10348163059572153,0.10704019860139924,0.10347965456611162,0.00021654014601106238,0.12244175120297535
321,0.11037978462304938,0.00021920883858111344,0.00030114436776661977,0.11334207347118472,0.000300169004921554,0.12238194862297963,0.11782496182346214,0.09862510173780399,0.103456489508433,0.10703281526224431,0.1034546836118466,0.00021656207050913272,0.12246505705721776
341,0.11039299424152153,0.00021922795184908025,0.00030120654360451176,0.1133418551091667,0.0003002250862569027,0.12240694452305129,0.11784011789771115,0.09860551988957829,0.1034316864558593,0.10702550748771243,0.10343004846804102,0.00021658370722245357,0.12248808263842549
361,0.11040600069003874,0.00021924679573092867,0.0003012679059751781,0.11334162634515395,0.00030028045061253746,0.12243163780620156,0.11785507292907905,0.09858619466091437,0.10340721686910877,0.10701827458389108,0.1034057445948456,0.00021660505989562354,0.12251083130855248
381,0.11041880704553325,0.00021926537398513839,0.0003013284652370581,0.11334138748218016,0.0003003351069320959,0.12245603213131623,0.11786982957529585,0.09856712268087368,0.10338307624126356,0.10701111586187104,0.10338176751400752,0.00021662613222578635,0.12253330638927858
401,0.11043141633907336,0.00021928369031912263,0.00030138823162508867,0.11334113881724528,0.00030038906405405473,0.12248013111306492,0.11788439045911059,0.09854830062284431,0.10335926012653826,0.10700403063773538,0.10335811280803375,0.0002166469278631926,0.12255551116249278
421,0.11044383155653391,0.00021930174838987994,0.00030144721525194007,0.11334088064141992,0.0003004423307127908,0.12250393832243608,0.11789875816874897,0.09852972520395793,0.10333576413945063,0.10699701823254808,0.10333477611936687,0.00021666745041175697,0.12257744887077149
441,0.11045605563925713,0.00021931955180463914,0.0003015054261092463,0.1133406132399468,0.0003004949155396345,0.12252745728726581,0.11791293525836485,0.09851139318451628,0.10331258395400358,0.10699007797234192,0.10331175314957115,0.00021668770342960912,0.12259912271784931
461,0.11046809148470335,0.0002193371041214961,0.0003015628740688293,0.11334033689234173,0.0003005468270639196,0.12255069149276025,0.11792692424848635,0.09849330136742392,0.10328971530287775,0.10698320918810589,0.10328903965853047,0.00021670769042963942,0.12262053586908644
481,0.11047994194709328,0.0002193544088500448,0.0003016195688839172,0.11334005187249215,0.00030059807371402513,0.12257364438201099,0.11794072762645502,0.09847544659762866,0.10326715397663523,0.10697641121577234,0.10326663146365607,0.00021672741488003945,0.12264169145192849
501,0.11049160983804066,0.00021937146945200006,0.0003016755201903565,0.11333975844875457,0.0003006486638184119,0.12259631935650515,0.11795434784686075,0.09845782576156922,0.1032448958229336,0.10696968339620319,0.10324452443910584,0.00021674688020483618,0.12266259255636147
521,0.11050309792717639,0.00021938828934181515,0.0003017307375078191,0.11333945688405055,0.00030069860560665316,0.12261871977662893,0.1179677873319702,0.09844043578663053,0.10322293674575148,0.10696302507517606,0.10322271451501364,0.0002167660897844222,0.12268324223536156
541,0.11051440894276342,0.00021940487188729086,0.0003017852302410001,0.11333914743596074,0.0003007479072104583,0.12264084896216436,0.11798104847214969,0.09842327364060569,0.10320127270462344,0.10695643560336997,0.10320119767672929,0.0002167850469560792,0.12270364350533859
561,0.1105255455723029,0.0002194212204101789,0.00030183900768081153,0.11333883035681755,0.00030079657666468956,0.12266271019278079,0.11799413362628282,0.09840633633116508,0.1031798997138866,0.10694991433635016,0.1031799699640687,0.00021680375501449667,0.12272379934657518
581,0.11053651046313202,0.0002194373381867779,0.0003018920790055687,0.11333850589379647,0.00030084462190837433,0.12268430670852043,0.1180070451221828,0.09838962090533244,0.10315881384193543,0.10694346063455348,0.10315902747057429,0.00021682221721228563,0.12274371270365952
601,0.11054730622301281,0.0002194532284485231,0.0003019444532821686,0.11333817428900639,0.00030089205078570857,0.12270564171027709,0.11801978525699916,0.09837312444896791,0.10313801121048882,0.10693707386327184,0.10313836634278492,0.000216840436760486,0.12276338648591398
621,0.11055793542071285,0.00021946889438256856,0.00030199613946726224,0.11333783577957758,0.0003009388710470546,0.12272671836027035,0.11803235629761942,0.09835684408625761,0.10311748799386558,0.10693075339263682,0.1031179827795165,0.0002168584168290698,0.1227828235678173
641,0.11056840058657781,0.000219484339132364,0.000302047146408419,0.11333749059774874,0.0003009850903499325,0.1227475397825128,0.11804476048106503,0.09834077697921005,0.10309724041827015,0.10692449859760264,0.10309787303115166,0.0002168761605474388,0.12280202678942295
661,0.1105787042130955,0.00021949956579822414,0.0003020974828452856,0.11333713897095271,0.0003010307162600036,0.12276810906327272,0.11805700001488302,0.09832492032715902,0.103077264761088,0.1069183088579298,0.10307803339893938,0.0002168936710049163,0.12282099895677151
681,0.1105888487554522,0.0002195145774378918,0.0003021471574107345,0.11333678112190093,0.00030107575625204833,0.12278842925152966,0.11806907707753195,0.09830927136627293,0.10305755735019081,0.10691218355816752,0.10305846023430375,0.00021691095125123458,0.12283974284229852
701,0.11059883663208066,0.00021952937706709396,0.0003021961786320076,0.11333641726866572,0.0003011202177109358,0.12280850335942607,0.11808099381876282,0.09829382736907075,0.10303811456325057,0.10690612208763636,0.10303914993816254,0.0002169280042970167,0.12285826118523739
721,0.11060867022520053,0.00021954396766009284,0.000302244554931851,0.11333604762476275,0.0003011641079325878,0.12282833436271279,0.11809275235999554,0.09827858564394454,0.10301893282706302,0.10690012384041007,0.1030200989602549,0.0002169448331142537,0.12287655669201698
741,0.110618351881351,0.0002195583521502289,0.0003022922946296424,0.11333567239923083,0.0003012074341249349,0.12284792520118823,0.1181043547946901,0.09826354353468746,0.1030000086168808,0.1068941882152978,0.10300130379847731,0.00021696144063677576,0.12289463203665497
761,0.11062788391191578,0.00021957253343045862,0.0003023394059425106,0.11333529179671091,0.00030125020340886563,0.1228672787791341,0.11811580318871283,0.0982486984200283,0.10298133845575477,0.10688831461582482,0.10298276099822985,0.00021697782976071937,0.12291248986114629
781,0.11063726859364041,0.00021958651435388497,0.0003023858969864468,0.11333490601752377,0.00030129242281916796,0.12288639796574402,0.11812709958069824,0.09823404771317257,0.10296291891388507,0.1068825024502142,0.10296446715177072,0.0002169940033449888,0.12293013277584663
801,0.11064650816914241,0.00021960029773428322,0.00030243177577740844,0.11333451525774692,0.0003013340993054649,0.12290528559554792,0.11813824598240598,0.09821958886134916,0.10294474660798066,0.10687675113136759,0.1029464188975791,0.00021700996421171286,0.12294756335985126
821,0.11065560484741396,0.00021961388634661883,0.00030247705023241523,0.11333411970928955,0.000301375239733142,0.12292394446883129,0.11814924437907333,0.09820531934536272,0.10292681820062695,0.10687106007684541,0.10292861291972753,0.0002170257151466964,0.12296478416137034
841,0.11066456080431712,0.0002196272829275603,0.0003025217281706365,0.11333371955996632,0.000301415850884268,0.12294237735204895,0.11816009672976278,0.09819123667915258,0.10290913039966296,0.10686542870884733,0.10291104594726151,0.00021704125889986743,0.12298179769809826
861,0.11067337818307262,0.00021964049017598563,0.00030256581731447,0.11333331499357055,0.0003014559394585067,0.12296058697823371,0.11817080496770523,0.09817733840935641,0.10289167995756643,0.10685985645419226,0.10289371475358919,0.00021705659818571893,0.12299860645757894
881,0.11068205909474105,0.00021965351075348263,0.0003026093252906143,0.11333290618994608,0.0003014955120740251,0.12297857604740069,0.11818137100063907,0.09816362211488111,0.10287446367084711,0.10685434274429788,0.1028766161558775,0.0002170717356837459,0.12301521289756763
901,0.11069060561869704,0.00021966634728484355,0.000302652259631131,0.11333249332505736,0.0003015345752683902,0.12299634722694631,0.1181917967111443,0.09815008540647747,0.1028574783794487,0.1068488870151601,0.10285974701445832,0.00021708667403887795,0.12303161944638714
921,0.11069901980309693,0.00021967900235855326,0.000302694627774499,0.11333207657105919,0.00030157313549946063,0.1230139031520424,0.11820208395697251,0.09813672592632221,0.10284072096615846,0.10684348870733232,0.10284310423224106,0.00021710141586190604,0.12304782850328044
941,0.11070730366533978,0.00021969147852727233,0.0003027364370666619,0.11333165609636461,0.00030161119914627084,0.12303124642602553,0.11821223457137281,0.09812354134760416,0.10282418835602512,0.1068381472659048,0.10282668475413428,0.00021711596372990587,0.12306384243875884
961,0.11071545919252125,0.00021970377830831327,0.0003027776947620651,0.11333123206571226,0.0003016487725099074,0.12304837962078184,0.11822225036341333,0.0981105293741165,0.10280787751578442,0.10683286214048279,0.10281048556647467,0.00021713032018665595,0.12307966359494593
981,0.11072348834188156,0.00021971590418411212,0.00030281840802468565,0.11333080464023267,0.0003016858618143784,0.12306530527712722,0.11823213311829843,0.09809768773985432,0.10279178545329291,0.1068276327851653,0.10279450369646363,0.00021714448774305076,0.12309529428591785
1001,0.11073139304124649,0.0002197278586026933,0.0003028585839290529,0.11333037397751272,0.0003017224732074747,0.12308202590518227,0.11824188459768173,0.09808501420861712,0.10277590921696897,0.10682245865852318,0.10277873621161229,0.00021715846887750942,0.12311073679803847
1021,0.1107391751894621,0.00021973964397812955,0.00030289822946126185,0.1133299402316602,0.00030175861276162525,0.12309854398474365,0.11825150653997561,0.09807250657361684,0.10276024589524156,0.1068173392235778,0.10276318021919338,0.00021717226603638,0.12312599339029161
1041,0.1107468366568235,0.00021975126269099587,0.0003029373515199766,0.11332950355336585,0.0003017942864747429,0.12311486196565026,0.11826100066065606,0.09806016265709093,0.10274479261600601,0.10681227394777842,0.10274783286570033,0.00021718588163433943,0.1231410662946086
1061,0.11075437928549685,0.000219762717088818,0.00030297595691742624,0.11332906408996626,0.0003018295002710652,0.1231309822681452,0.11827036865256359,0.09804798030992068,0.10272954654608865,0.10680726230298032,0.10273269133631435,0.00021719931805478797,0.12315595771619212
1081,0.11076180488993591,0.0002197740094865151,0.00030301405238039147,0.11332862198550386,0.0003018642600019856,0.12314690728323306,0.1182796121862008,0.09803595741125411,0.10271450489071665,0.10680230376542198,0.10271775285437844,0.00021721257765024024,0.12317066983383597
1101,0.11076911525729191,0.00021978514216683788,0.00030305164455118406,0.11332817738078722,0.000301898571446879,0.1231626393730338,0.11828873291002533,0.09802409186813418,0.1026996648929969,0.10679739781570292,0.10270301468087857,0.00021722566274271144,0.1231852048002413
1121,0.11077631214781822,0.00021979611738080025,0.0003030887399886158,0.11332773041344989,0.00030193244031391915,0.12317818087113086,0.11829773245073973,0.09801238161513197,0.10268502383340061,0.10679254393876068,0.10268847411393184,0.0002172385756240988,0.12319956474232889
1141,0.11078339729526847,0.000219806937348106,0.00030312534516896064,0.11332728121800807,0.0003019658722408883,0.12319353408291642,0.1183066124135766,0.09800082461398389,0.10267057902925543,0.10678774162384753,0.10267412848828146,0.0002172513185565593,0.1232137517615476
1161,0.11079037240728895,0.0002198176042575705,0.00030316146648690724,0.11332682992591803,0.00030199887279598077,0.1232087012859317,0.11831537438258155,0.09798941885323488,0.10265632783424501,0.10678299036450814,0.10265997517479938,0.00021726389377288262,0.12322776793417911
1181,0.11079723916580583,0.00021982812026753658,0.00030319711025650326,0.11332637666563154,0.00030203144747859755,0.12322368473020363,0.11832401992089028,0.09797816234788538,0.10264226763791427,0.10677828965855607,0.10264601157999431,0.00021727630347685982,0.12324161531163914
1201,0.1108039992274068,0.00021983848750628619,0.0003032322827120916,0.1133259215626516,0.0003020636017201352,0.12323848663857678,0.11833255057100422,0.09796705313904314,0.10262839586518233,0.10677363900805005,0.10263223514552772,0.0002172885498436482,0.12325529592077522
1221,0.1108106542237161,0.00021984870807244565,0.000303266990009237,0.11332546473958617,0.0003020953408847655,0.12325310920704186,0.11834096785506137,0.0979560892935797,0.10261470997586142,0.10676903791927106,0.10261864334773581,0.00021730063502013117,0.12326881176415998
1241,0.1108172057617655,0.0002198587840353867,0.0003033012382256449,0.11332500631620161,0.00030212667027021043,0.12326755460506023,0.11834927327510357,0.09794526890379147,0.10260120746418278,0.10676448590269848,0.10260523369715753,0.00021731256112527466,0.1232821648203822
1261,0.1108236554243589,0.0002198687174356222,0.0003033350333620722,0.11332454640947535,0.0003021575951085073,0.12328182497588402,0.11835746831334094,0.097934590087065,0.10258788585832873,0.10675998247298656,0.10259200373807038,0.00021732433025047917,0.12329535704433352
1281,0.11083000477043196,0.00021987851028519665,0.000303368381343228,0.11332408513364707,0.00030218812056676816,0.12329592243687279,0.11836555443241246,0.09792405098554659,0.10257474271997112,0.10675552714894007,0.10257895104803083,0.00021733594445992762,0.12330839036749197
1301,0.11083625533540663,0.00021988816456807277,0.00030340128801866764,0.11332362260026971,0.0003022182517479313,0.12330984907980627,0.11837353307564298,0.09791364976581708,0.10256177564381602,0.10675111945349136,0.10256607323742252,0.00021734740579092897,0.12332126669820195
1321,0.11084240863154027,0.0002198976822405113,0.0003034337591636766,0.11332315891825911,0.0003022479936915061,0.12332360697119304,0.11838140566729725,0.09790338461856925,0.10254898225715486,0.10674675891367552,0.10255336794900942,0.00021735871625425818,0.12333398792195109
1341,0.11084846614827028,0.00021990706523144875,0.000303465800480148,0.11332269419394336,0.00030227735137431066,0.12333719815257614,0.11838917361283055,0.09789325375829147,0.10253636021942143,0.10674244506060683,0.10254083285749595,0.00021736987783449257,0.12334655590164373
1361,0.11085442935255244,0.00021991631544286683,0.00030349741759744866,0.11332222853111046,0.00030230632971120085,0.12335062464083392,0.11839683829913575,0.09788325542295385,0.10252390722175488,0.10673817742945416,0.1025284656690921,0.00021738089249034252,0.12335897247787064
1381,0.11086029968919577,0.00021992543475016045,0.00030352861607328,0.11332176203105651,0.00030233493355579487,0.12336388842847841,0.11840440109478756,0.09787338787369942,0.10251162098656871,0.10673395555941724,0.10251626412108573,0.00021739176215498072,0.12337123946917647
1401,0.11086607858119159,0.00021993442500249947,0.00030355940139452874,0.1133212947926318,0.0003023631677011886,0.1233769914839494,0.11841186335028345,0.09786364939453902,0.10249949926712594,0.10672977899370195,0.10250422598141942,0.00021740248873636535,0.123383358672323
1421,0.11087176743003826,0.00021994328802318506,0.00030358977897810885,0.11332082691228675,0.0003023910368806641,0.12338993575190488,0.11841922639828115,0.0978540382920504,0.10248753984711925,0.10672564727949592,0.10249234904827395,0.0002174130741175604,0.12339533186254976
1441,0.1108773676160608,0.00021995202561000423,0.00030361975417179693,0.11332035848411705,0.0003024185457683924,0.1234027231535086,0.11842649155383334,0.09784455289508098,0.10247574054025795,0.1067215599679449,0.1024806311496573,0.00021742352015705307,0.12340716079383195
1461,0.11088288049872573,0.00021996063953557587,0.0003036493322550576,0.11331988959990816,0.00030244569898012794,0.12341535558671334,0.11843366011461927,0.09783519155445486,0.10246409918985945,0.10671751661412693,0.10246907014299861,0.00021743382868906518,0.12341884719913371
1481,0.11088830741695253,0.00021996913154769638,0.00030367851843986216,0.11331942034917869,0.00030247250107389687,0.12342783492654154,0.11844073336117367,0.09782595264268353,0.10245261366844671,0.10671351677702903,0.10245766391474852,0.00021744400152386303,0.1234303927906603
1501,0.1108936496894186,0.00021997750336967786,0.00030370731787149693,0.11331895081922352,0.00030249895655067765,0.12344016302536176,0.11844771255711123,0.09781683455368016,0.10244128187735219,0.10670956001952206,0.10244641037998448,0.00021745404044806223,0.12344179926010612
1521,0.11089890861486136,0.00021998575670068336,0.0003037357356293661,0.11331848109515551,0.0003025250698550756,0.1234523417131623,0.11845459894935027,0.09780783570247807,0.10243010174632482,0.10670564590833627,0.10243530748202152,0.00021746394722492934,0.12345306827889987
1541,0.11090408547237524,0.00021999389321605757,0.00030376377672778335,0.11331801125994738,0.00030255084537598976,0.1234643727978217,0.11846139376833179,0.09779895452495263,0.10241907123314506,0.10670177401403659,0.10242435319202853,0.00021747372359468036,0.12346420149844668
1561,0.11090918152170436,0.00022000191456765294,0.00030379144611675875,0.11331754139447235,0.00030257628744727387,0.12347625806537535,0.11846809822823655,0.09779018947754685,0.1024081883232429,0.10669794391099807,0.10241354550864891,0.00021748337127477452,0.12347520055036824
1581,0.11091419800353117,0.00022000982238415222,0.00030381874868277514,0.11331707157754393,0.00030260140034839023,0.12348799928027941,0.11847471352719914,0.09778153903700074,0.10239745102932273,0.10669415517738118,0.10240288245762755,0.00021749289196020574,0.12348606704673887
1601,0.1109191361397606,0.00022001761827138556,0.0003038456892495566,0.11331660188595555,0.0003026261883050556,0.12349959818567104,0.11848124084751886,0.09777300170008381,0.10238685739099217,0.10669040739510705,0.10239236209144235,0.00021750228732378933,0.12349680258031878
1621,0.11092399713380019,0.00022002530381264523,0.0003038722725788309,0.1133161323945195,0.0003026506554898829,0.12351105650362622,0.11848768135586835,0.0977645759833317,0.10237640547439651,0.10668670014983285,0.10238198248894072,0.0002175115590164469,0.12350740872478633
1641,0.11092878217083607,0.00022003288056899418,0.00030389850337108145,0.11331566317610448,0.0003026748060230142,0.1235223759354134,0.11849403620349909,0.09775626042278558,0.10236609337185809,0.1066830330309269,0.1023717417549807,0.00021752070866748577,0.12351788703496519
1661,0.11093349241810493,0.00022004035007957293,0.00030392438626629316,0.11331519430167335,0.0003026986439727472,0.12353355816174541,0.11850030652644442,0.09774805357373569,0.10235591920152042,0.10667940563144424,0.10236163802007807,0.00021752973788487684,0.12352823904704989
1681,0.11093812902516187,0.00022004771386190027,0.00030394992584468995,0.11331472584031992,0.0003027221733561569,0.12354460484302705,0.11850649344572048,0.09773995401046774,0.10234588110699734,0.1066758175481018,0.10235166944005673,0.00021753864825552806,0.12353846627882899
1701,0.11094269312414452,0.00022005497341217093,0.0003039751266274641,0.11331425785930477,0.0003027453981397081,0.12355551761960033,0.11851259806752275,0.09773196032601278,0.10233597725702673,0.10667226838125356,0.1023418341957051,0.00021754744134555457,0.1235485702299047
1721,0.1109471858300334,0.00022006213020555004,0.00030399999307749806,0.11331379042409132,0.00030276832223986405,0.123566298111987,0.11851862148342224,0.09772407113190054,0.10232620584512901,0.10666875773486562,0.10233213049243674,0.0002175561187005459,0.12355855238191066
1741,0.11095160824090793,0.00022006918569646275,0.00030402452960007936,0.1133133235983805,0.0003027909495236869,0.1235769479211274,0.11852456477055774,0.09771628505791567,0.10231656508927071,0.10666528521649236,0.10232255655995534,0.00021756468184583056,0.12356841419872641
1761,0.11095596143819896,0.0002200761413188796,0.0003040487405436062,0.11331285744414488,0.0003028132838094322,0.12358746862861703,0.1185304289918256,0.0977086007518576,0.10230705323153162,0.10666185043725067,0.10231311065192467,0.00021757313228673532,0.1235781571266904
1781,0.11096024648693797,0.00022008299848659996,0.00030407263020028677,0.11331239202166296,0.0003028353288671375,0.12359786179694021,0.11853621519606752,0.09770101687930303,0.10229766853777739,0.10665845301179623,0.10230379104564315,0.00021758147150884374,0.12358778259480878
1801,0.11096446443600197,0.00022008975859352992,0.0003040962028068305,0.11331192738955176,0.00030285708841920367,0.12360812896970043,0.11854192441825588,0.09769353212337227,0.10228840929733651,0.10665509255829811,0.10229459604172202,0.0002175897009782499,0.12359729201496308
1821,0.11096861631835539,0.0002200964230139576,0.00030411946254513316,0.11331146360480004,0.00030287856614097196,0.12361827167184854,0.11854755767967605,0.09768614518449782,0.10227927382268111,0.10665176869841483,0.10228552396376879,0.00021759782214180996,0.12360668678211545
1841,0.11097270315128781,0.00022010299310282417,0.0003041424135429509,0.11331100072279963,0.00030289976566129134,0.1236282914099078,0.11855311598810671,0.09767885478019699,0.10227026044911271,0.10664848105726943,0.10227657315807454,0.00021760583642738975,0.12361596827450996
1861,0.11097672593664859,0.00022010947019599143,0.0003041650598745712,0.1133105387973779,0.000302920690563084,0.12363818967219643,0.11855860033799819,0.09767165964484603,0.10226136753445164,0.10664522926342462,0.1022677419933057,0.00021761374524410993,0.12362513785387326
1881,0.11098068566107833,0.0002201158556105061,0.00030418740556147365,0.11331007788082793,0.0003029413443839005,0.12364796792904692,0.11856401171064757,0.09766455852945911,0.10225259345873142,0.10664201294885885,0.1022590288602,0.0002176215499825882,0.12363419686561156
1901,0.11098458329623592,0.00022012215064486074,0.00030420945457298516,0.11330961802393878,0.00030296173061647224,0.12365762763302396,0.11856935107437219,0.09765755020146884,0.10224393662389694,0.10663883174894169,0.10225043217126618,0.00021762925201517815,0.12364314663900607
1921,0.11098841979902327,0.00022012835657925055,0.00030423121082692636,0.11330915927602658,0.0003029818527092568,0.12366717021913819,0.11857461938468085,0.09765063344450992,0.10223539545350642,0.10663568530240912,0.10224195036048823,0.00021763685269620542,0.12365198848740602
1941,0.11099219611180641,0.000220134474675827,0.0003042526781902516,0.11330870168496265,0.000303001714066975,0.1236765971050582,0.1185798175844423,0.09764380705820591,0.10222696839243783,0.10663257325133935,0.10223358188303379,0.00021764435336220058,0.12366072370841835
1961,0.1109959131626331,0.00022014050617894844,0.0003042738604796825,0.11330824529720299,0.00030302131805114656,0.12368590969132028,0.118584946604052,0.09763706985795895,0.10221865390659951,0.10662949524112868,0.10222532521496581,0.00021765175533212965,0.12366935358409689
1981,0.11099957186544722,0.00022014645231542682,0.0003042947614623328,0.11330779015781658,0.0003030406679806153,0.1236951093615348,0.11859000736159644,0.09763042067474169,0.10221045048264407,0.10662645092046658,0.10221717885295885,0.00021765905990762106,0.12367787938112751
2001,0.11100317312030075,0.00022015231429477216,0.0003043153848563284,0.11330733631051365,0.00030305976713207265,0.12370419748259058,0.11859500076301552,0.09762385835489237,0.10220235662768681,0.10662343994131243,0.1022091413140192,0.00021766626837319133,0.1236863023510124
2021,0.11100671781356124,0.0002201580933094314,0.0003043357343314172,0.11330688379767197,0.00030307861874057036,0.12371317540485688,0.11859992770226228,0.0976173817599123,0.10219437086902766,0.10662046195887052,0.10220121113520811,0.00021767338199646472,0.12369462373025122
2041,0.11101020681811763,0.00022016379053502768,0.00030435581350957646,0.11330643266036516,0.0003030972260000334,0.12372204446238282,0.11860478906146137,0.09761098976626677,0.1021864917538766,0.10661751663156645,0.1021933868733694,0.00021768040202839472,0.12370284474052094
2061,0.11101364099358221,0.0002201694071305924,0.0003043756259656086,0.11330598293838809,0.0003031155920637624,0.12373080597309394,0.11860958571106474,0.09760468126518743,0.10217871784908404,0.10661460362102262,0.10218566710486095,0.00021768732970347827,0.12371096658885257
2081,0.11101702118648987,0.00022017494423879768,0.0003043951752277344,0.11330553467028368,0.00030313372004493256,0.12373946123898749,0.1186143185100055,0.09759845516247805,0.10217104774087339,0.10661172259203466,0.10217805042528934,0.00021769416623997057,0.1237189904678066
2101,0.11102034823049425,0.000220180402986183,0.0003044144647781761,0.11330508789336789,0.0003031516130170867,0.12374801154632421,0.1186189883058501,0.0975923103783226,0.10216348003457787,0.1066088732125474,0.10217053544924828,0.00021770091284009554,0.12372691755564585
2121,0.11102362294656123,0.0002201857844833804,0.0003044334980537358,0.113304642643755,0.0003031692740146224,0.12375645816581833,0.11862359593494774,0.09758624584709615,0.10215601335438113,0.106606055153631,0.1021631208100607,0.00021770757069025388,0.12373474901650662
2141,0.11102684614315932,0.00022019108982533663,0.0003044522784463673,0.11330419895638238,0.00030318670603327475,0.12376480235282546,0.11862814222257871,0.09758026051717764,0.10214864634306126,0.10660326808945722,0.1021558051595243,0.00021771414096122922,0.12374248600056743
2161,0.11103001861644728,0.00022019632009153084,0.00030447080930373925,0.11330375686503458,0.00030320391203059123,0.12377304534752781,0.11863262798310006,0.09757435335076578,0.10214137766173823,0.10660051169727566,0.10214858716766058,0.0002177206248083908,0.12375012964421579
2181,0.11103314115045922,0.00022020147634619106,0.0003044890939297954,0.1133033164023672,0.000303220894926404,0.12378118837511724,0.11863705402008975,0.09756852332369696,0.1021342059896246,0.10659778565739023,0.10214146552246724,0.00021772702337189396,0.12375768107021345
2201,0.11103621451728657,0.0002202065596385071,0.0003045071355853047,0.1133028775999303,0.0003032376576032955,0.12378923264597641,0.11864142112648884,0.09756276942526555,0.10212713002378002,0.10659508965313544,0.10213443892967397,0.00021773333777687836,0.12376514138785923
2221,0.11103923947725743,0.00022021157100283957,0.0003045249374884071,0.11330244048819134,0.0003032542029070578,0.12379717935585748,0.11864573008474186,0.09755709065804705,0.10212014847886862,0.10659242337085328,0.10212750611250157,0.00021773956913366315,0.12377251169314955
2241,0.11104221677911393,0.00022021651145892824,0.0003045425028151531,0.11330200509655787,0.0003032705336471492,0.12380502968605865,0.11864998166693541,0.09755148603772268,0.10211326008692019,0.10658978649986942,0.10212066581142448,0.00021774571853794083,0.12377979306893819
2261,0.11104514716018585,0.0002202213820120955,0.0003045598347000361,0.11330157145339943,0.0003032866525971426,0.12381278480359861,0.11865417663493429,0.09754595459290753,0.10210646359709437,0.10658717873247035,0.10211391678393635,0.00021775178707096664,0.12378698658509303
2281,0.11104803134656209,0.00022022618365344783,0.00030457693623651847,0.11330113958606958,0.0003033025624951713,0.12382044586138917,0.11865831574051687,0.09754049536497952,0.10209975777544773,0.1065845997638798,0.10210725780431894,0.00021775777579974737,0.12379409329865143
2301,0.11105087005326061,0.00022023091736007551,0.00030459381047755256,0.11330070952092727,0.00030331826604436797,0.12382801399840497,0.1186623997255077,0.09753510740791199,0.10209314140470487,0.10658204929223579,0.10210068766341403,0.0002177636857772277,0.12380111425397373
2321,0.11105366398439427,0.0002202355840952476,0.0003046104604360951,0.11330028128335756,0.00030333376591329967,0.12383549033985254,0.1186664293219094,0.09752978978810735,0.10208661328403142,0.10657952701856764,0.10209420516839836,0.00021776951804247262,0.12380805048289453
2341,0.11105641383333503,0.00022024018480860572,0.0003046268890856148,0.11329985489779282,0.0003033490647363968,0.12384287599733547,0.11867040525203194,0.09752454158423378,0.10208017222881144,0.10657703264677305,0.10208780914256237,0.0002177752736208491,0.12381490300487277
2361,0.11105912028287578,0.0002202447204363554,0.0003046430993605952,0.11329943038773245,0.0003033641651143783,0.12385017206901956,0.11867432822862041,0.09751936188706362,0.10207381707042716,0.10657456588359507,0.10208149842509077,0.00021778095352420528,0.12382167282713973
2381,0.11106178400538944,0.00022024919190145344,0.0003046590941570304,0.11329900777576324,0.00030337906961467063,0.12385737963979457,0.11867819895498141,0.09751424979931377,0.10206754665604127,0.10657212643859965,0.10207527187084704,0.00021778655875104644,0.12382836094484535
2401,0.11106440566298595,0.00022025360011379422,0.00030467487633291585,0.11329858708357836,0.00030339378077182285,0.12386449978143445,0.11868201812510769,0.09750920443548895,0.10206135984838331,0.10656971402415301,0.1020691283501604,0.0002177920902867096,0.12383496834120243
2421,0.11106698590766677,0.0002202579459703922,0.00030469044870873313,0.11329816833199724,0.00030340830108791645,0.12387153355275593,0.11868578642380108,0.0975042249217261,0.1020552555255383,0.10656732835539848,0.10206306674861612,0.00021779754910353574,0.1238414959876295
2441,0.1110695253814773,0.00022026223035556263,0.0003047058140679281,0.11329775154098405,0.0003034226330329703,0.12387848199977437,0.1186895045267936,0.09749931039564128,0.10204923258073756,0.10656496915023471,0.10205708596684779,0.00021780293616103933,0.12384794484389187
2461,0.11107202471665663,0.0002202664541411001,0.0003047209751573848,0.11329733672966631,0.00030343677904534145,0.12388534615585922,0.11869317310086719,0.09749446000617856,0.10204328992215432,0.10656263612929323,0.10205118492033365,0.00021780825240607662,0.1238543158582411
2481,0.1110744845357856,0.00022027061818645358,0.0003047359346878929,0.11329692391635292,0.0003034507415321198,0.12389212704188574,0.11869679280397215,0.09748967291346078,0.10203742647270006,0.10656032901591588,0.10204536253919479,0.00021781349877301066,0.12386060996755249
2501,0.11107690545193236,0.00022027472333890045,0.0003047506953346088,0.1132965131185523,0.00030346452286952066,0.12389882566638631,0.11870036428534352,0.09748494828864299,0.10203164116982483,0.10655804753613292,0.10203961776799635,0.00021781867618387576,0.12386682809746156
2521,0.11107928806879526,0.0002202787704337164,0.00030476525973751294,0.11329610435298967,0.00030347812540326984,0.12390544302569932,0.11870388818561599,0.09748028531376612,0.10202593296531978,0.10655579141864094,0.10203394956555165,0.0002178237855485377,0.12387297116249808
2541,0.1110816329808451,0.00022028276029434487,0.00030477963050186,0.11329569763562461,0.0003034915514489861,0.12391198010411657,0.11870736513693797,0.09747568318161459,0.1020203008251228,0.1065535603947809,0.10202835690472849,0.0002178288277648541,0.12387904006621885
2561,0.1110839407734636,0.0002202866937325628,0.00030479381019862524,0.11329529298166742,0.00030350480329255846,0.12391843787402841,0.11871079576308305,0.09747114109557473,0.10201474372912615,0.10655135419851632,0.10202283877225846,0.0002178338037188313,0.12388503570133926
2581,0.11108621202308062,0.00022029057154864472,0.00030480780136494357,0.11329489040559648,0.00030351788319051915,0.12392481729606743,0.11871418067956097,0.0974666582694945,0.10200926067098752,0.10654917256641123,0.10201739416854907,0.00021783871428477953,0.1238909589498631
2601,0.11108844729730949,0.00022029439453152459,0.00030482160650454514,0.11329448992117382,0.00030353079337041194,0.12393111931925067,0.11871752049372651,0.09746223392754676,0.10200385065794317,0.10654701523760943,0.10201202210749812,0.0002178435603254668,0.12389681068321007
2621,0.11109064715507976,0.00022029816345895472,0.0003048352280881837,0.11329409154146168,0.000303543536031156,0.12393734488111936,0.11872081580488734,0.09745786730409267,0.10199851271062356,0.10654488195381209,0.10200672161631019,0.0002178483426922693,0.12390259176234288
2641,0.11109281214676862,0.00022030187909766386,0.00030484866855406246,0.11329369527883774,0.0003035561133434068,0.12394349490787832,0.11872406720441,0.09745355764354782,0.10199324586287177,0.10654277245925665,0.10200149173531639,0.000217853062225322,0.12390830303789227
2661,0.11109494281432973,0.0002203055422035117,0.00030486193030825255,0.11329330114501104,0.00030356852744991013,0.12394957031453184,0.11872727527582547,0.09744930420024972,0.10198804916156422,0.10654068650069579,0.10199633151779625,0.00021785771975366553,0.1239139453502806
2681,0.11109703969142071,0.00022030915352164198,0.00030487501572510635,0.11329290915103678,0.00030358078046585423,0.12395557200501946,0.11873044059493196,0.09744510623832751,0.10198292166643391,0.10653862382737596,0.10199124002980217,0.00021786231609539133,0.12391951952984366
2701,0.1110991033035282,0.00022031271378663338,0.00030488792714766745,0.1132925193073313,0.0003035928744792165,0.12396150087234921,0.11873356372989738,0.09744096303157275,0.10197786244989587,0.10653658419101635,0.10198621634998589,0.00021786685205778635,0.1239250263969519
2721,0.11110113416809148,0.00022031622372264867,0.00030490066688807453,0.11329213162368658,0.00030360481155110715,0.12396735779873023,0.11873664524135999,0.09743687386331235,0.10197287059687546,0.10653456734578802,0.10198125956942747,0.00021787132843747423,0.12393046676212928
2741,0.11110313279462389,0.00022031968404358048,0.0003049132372279599,0.11329174610928487,0.00030361659371610654,0.12397314365570263,0.118739685682528,0.09743283802628298,0.10196794520463837,0.10653257304829311,0.10197636879146703,0.00021787574602055563,0.123935841426171
2761,0.11110509968483297,0.00022032309545319697,0.00030492564041884426,0.11329136277271248,0.00030362822298260136,0.12397885930426601,0.11874268559927766,0.0974288548225075,0.1019630853826236,0.10653060105754396,0.10197154313153829,0.00021788010558274642,0.12394115118026025
2781,0.11110703533273812,0.00022032645864528404,0.00030493787868252585,0.11329098162197364,0.000303639701333115,0.12398450559500751,0.11874564553025033,0.0974249235631722,0.101958290252278,0.1065286511349428,0.10196678171700427,0.00021788440788951438,0.12394639680608277
2801,0.11110894022478693,0.00022032977430378598,0.0003049499542114646,0.1132906026645039,0.00030365103072463334,0.12399008336822692,0.11874856600694764,0.09742104356850675,0.10195355894689377,0.10652672304426088,0.1019620836869962,0.00021788865369621327,0.12395157907594105
2821,0.11111081483997001,0.00022033304310294484,0.0003049618691691627,0.11329022590718375,0.0003036622130889289,0.12399559345406125,0.11875144755382604,0.09741721416766462,0.10194889061144762,0.1065248165516185,0.10195744819225303,0.00021789284374821671,0.12395669875286602
2841,0.11111265964993322,0.00022033626570743637,0.00030497362569053936,0.11328985135635163,0.00030367325033287874,0.12400103667260716,0.11875429068839018,0.09741343469860632,0.10194428440244246,0.10652293142546447,0.10195287439496448,0.00021789697878104886,0.12396175659072829
2861,0.11111447511908938,0.00022033944277250568,0.0003049852258823014,0.11328947901781629,0.0003036841443387804,0.1240064138340423,0.1187570959212845,0.09740970450798271,0.10193973948775109,0.10652106743655612,0.10194836146861601,0.0002179010595205139,0.12396675333434767
2881,0.1111162617047272,0.00022034257494410009,0.00030499667182330844,0.11328910889686976,0.000303694896964662,0.12401172573874523,0.11875986375638362,0.09740602295102123,0.10193525504646209,0.10651922435793922,0.10194390859783499,0.00021790508668282434,0.12397168971960185
