"gen","AllC","AllD","Random","TitForTat","SuspiciousTFT","GenerousTFT","TitFor2Tats","2TitsForTat","Grim","Pavlov","Gradual","ZD-Extort-2","ZD-Generous"
1,0.07089198259522843,0.08024588649895525,0.07633907097195342,0.07685577547872638,0.07689153453525735,0.07496317890147726,0.07508861280132424,0.07826902051716805,0.08038365588729547,0.07616069149228154,0.07999896882759902,0.07787726480676199,0.07603435668597155
21,0.009872475660526611,0.14215376593404444,0.042861258333962315,0.07259488706216115,0.07136369894150038,0.037351897483948175,0.046431008741730714,0.10832915047441431,0.14934742208162605,0.04049352191836988,0.13794980800004594,0.08864764388507425,0.05260346148259573
41,0.0011334177919793196,0.18473143733848135,0.01221700864333527,0.06000444282800794,0.05561255441448805,0.012924671239602028,0.02695443132242248,0.1401424719330732,0.20787084122139354,0.01039375149196549,0.1787393478355366,0.08273995901733842,0.02653566492237639
61,0.00042822143435967497,0.21415795358202253,0.002195587574587631,0.03707294132194234,0.03150447294813027,0.0030141458495999566,0.01160324368937209,0.1631984501692918,0.26128584906578445,0.0017211690740867765,0.20524082625762713,0.06002873597138043,0.008548403061814844
81,0.00031811941446135684,0.23429608227720403,0.0006422023153082229,0.01569569205203955,0.012127219254687346,0.0008287349540739923,0.0033928335760565575,0.16590128837080095,0.31233749732329374,0.0005719221631861805,0.2195802971292577,0.032302793910246166,0.002005317259384221
101,0.0002716127254224522,0.24324636566154031,0.0004715422006242843,0.0054114080583537475,0.0039476216814434105,0.0005371733914380548,0.001140689295832143,0.15119852117547403,0.3570383552753526,0.00044857000979582964,0.2212706024274388,0.014221970441650916,0.0007955676556334729
121,0.00024821673298020376,0.24390255028939964,0.000430988630360293,0.002160802674473629,0.0016574213758224785,0.0004805624822934621,0.0007347645080581988,0.13052166972631668,0.3976317508055076,0.00041691726934130386,0.21508690741160574,0.006101514481878639,0.0006259336119621319
141,0.00023357770907576572,0.2392616070512321,0.0004103917187336091,0.0013031413871379836,0.0011133558235241273,0.0004554502066786639,0.000646551658962392,0.11011466514284192,0.437466668795154,0.0004015047651026736,0.2049889107246935,0.003017015648068262,0.0005871593687950319
161,0.0002229768542613337,0.23068385989501258,0.00039646880527626464,0.0010821151212703406,0.0009806350874453679,0.0004392308471102994,0.0006073432450685588,0.091941107011547,0.4780294544553552,0.00039150772132611524,0.1927363955635717,0.0019209870593353171,0.0005679183334201184
181,0.00021479452546762149,0.21880989318519128,0.00038593597417509,0.001016128014578477,0.000938218220038782,0.00042734366849514683,0.0005806126036225756,0.0764053855396262,0.5196404424217252,0.000384070551341279,0.1791067216182944,0.001535868451224764,0.0005545852262193418
201,0.00020831617144389587,0.20414478118814816,0.0003776282746726445,0.0009885860597541663,0.0009169466676405371,0.00041826650714368754,0.0005602667262466464,0.06340862698823509,0.5620916654439363,0.0003782361583077981,0.16456895567244031,0.0013932298876395545,0.0005444942543913936
221,0.00020312473941772887,0.18725645738605246,0.00037097066445114903,0.0009724854278491691,0.0009022744097207486,0.0004112536677510133,0.0005443122657144268,0.05268241846515912,0.6049056322554783,0.00037357323321427573,0.14950889791430047,0.0013319256622414356,0.0005366739086497927
241,0.00019893093771717411,0.16881349489843042,0.0003655908632942597,0.0009612819494824405,0.0008908246372441447,0.00040581808711878306,0.0005316204728494056,0.04390869688758909,0.6474350515139113,0.00036981658598096847,0.13428978267015151,0.0012985245684235737,0.0005305659278068216
261,0.00019551972704427622,0.1495586861950165,0.00036121421518575913,0.0009529860580817799,0.0008815070876654595,0.0004015948152197489,0.0005214124977322122,0.0367725700937205,0.6889252687909809,0.0003667715504057367,0.11926109441069316,0.0012756051235977557,0.0005257694346562425
281,0.000192728261452157,0.1302524708456803,0.00035763074604830045,0.0009466868827897275,0.0008737711200837709,0.00039829960832898524,0.0005131224421071887,0.030987476152276143,0.7285840687432135,0.0003642874233290741,0.10475005016060676,0.0012574314972889759,0.0005219761167951018
301,0.00019043293698548427,0.11160377364151933,0.00035468013518744876,0.0009418114050985072,0.0008672602763278819,0.00039571167061623993,0.0005063352193604365,0.026305493587498445,0.7656650851572101,0.0003622477783318882,0.09104619535517747,0.0012420243364520333,0.0005189485002348649
321,0.00018853972383315275,0.09420442631636863,0.000352240876618088,0.0009379587266544089,0.0008617304211827417,0.0003936623103407562,0.0005007459660485665,0.022518987406427275,0.7995516695292755,0.0003605640689367593,0.07838432943460978,0.001228637830240174,0.0005165073894640726
341,0.00018697639268272964,0.07848244132392077,0.00035022077305192753,0.0009348486940118714,0.0008570145694834974,0.00039202500864302526,0.0004961290481034234,0.019457542974986884,0.8298215443377672,0.0003591695851061168,0.06693061338456896,0.0012169533289666035,0.000514520578707124
361,0.0001856863873581171,0.06468383590510973,0.00034854872875696695,0.0009322912841935784,0.0008529967315500764,0.0003907061709450565,0.0004923139459802963,0.01698283941813077,0.8562770738543467,0.0003580137269920124,0.056775996234813546,0.001206805785498822,0.0005128918263244764
381,0.00018462427555894132,0.052883650015251665,0.0003471682726810071,0.0009301606625443414,0.0008495909040640808,0.00038963686234622753,0.0004891674045778226,0.014983112103092089,0.8789373637808919,0.0003570571403279324,0.047938838341506515,0.0011980793865211535,0.0005115508506364703
401,0.00018375261063041534,0.04301854884634654,0.00034603298180756865,0.0009283733198198808,0.0008467262299200364,0.00038876594630882775,0.0004865812550455698,0.013368082905804567,0.8980000502889088,0.000356268082208857,0.04037570805788196,0.001190664287609248,0.000510445187707836
421,0.0001830399130668616,0.034929461665924956,0.00034510359331451474,0.0009268715229311924,0.0008443384622320845,0.0003880548185901185,0.00048446484643742643,0.012064702984617324,0.9137871577686105,0.0003556200319821471,0.03399720916192303,0.0011844409733451006,0.0005095342570245803
441,0.00018245943055147565,0.028403602710921655,0.00034434635699983327,0.0009256122611446146,0.0008423664522493347,0.00038747364261531745,0.0004827407340083165,0.011013737739821693,0.9266893943025512,0.00035509029670831353,0.028685111687894633,0.001179278930934394,0.000508785453599325
461,0.00018198836979923353,0.02320900890793428,0.0003437321441270507,0.0009245607597894822,0.0008407517505192785,0.0003869988033901012,0.0004813423360679145,0.010167078419945455,0.9371188722450425,0.00035465926702312687,0.02430779316510169,0.0011750420493445543,0.0005081717819152315
481,0.0001816073759276465,0.01911894863179644,0.00034323593048295355,0.0009236871647577874,0.0008394395855363182,0.0003866112411746386,0.00048021258395878984,0.009485627156974038,0.9454747352055294,0.00035431002041458364,0.020732318750610875,0.0011715958577885916,0.0005076704950480684
501,0.00018130012348759376,0.015926645634004484,0.0003428364159676475,0.0009229650945165735,0.0008383800559607782,0.00038629536522510205,0.0004793029635660854,0.008937617361358495,0.9521218267121511,0.00035402806769602234,0.017832726068142037,0.0011688138331595655,0.0005072623047647656
521,0.00018105295225837186,0.013452331050945983,0.00034251566619824224,0.0009223711136134782,0.0008375289613813617,0.00038603832589036884,0.0004785726523797224,0.008497263115005755,0.9573801122775533,0.0003538011345225337,0.015494900222695864,0.0011665816510679934,0.0005069308764870118
541,0.00018085452383148637,0.011545011955410115,0.00034225874065515967,0.0009218845600006824,0.0008368481144840957,0.00038582950032862306,0.00047798765077570305,0.008143661324902214,0.9615217838237688,0.0003536189367133666,0.013618799116605525,0.0011647993021144296,0.0005066624504097253
561,0.00018069549637449964,0.01008105247462553,0.0003420533110642173,0.0009214874437037765,0.0008363051996345737,0.0003856601057446679,0.00047751990408925765,0.007859892985045854,0.964773188753602,0.0003534729443312968,0.012118844367395847,0.0011633814991579827,0.0005064455152304716
581,0.0001805682225597644,0.00896112854950045,0.00034188928670469466,0.0009211643084051511,0.0008358733215840846,0.0003855228922831789,0.0004771464468570048,0.007632284994615291,0.9673193601264121,0.00035335614382520276,0.010923178263234329,0.001162256935955017,0.000506270508063769
601,0.00018046647617171274,0.008106587637221779,0.0003417584629640219,0.0009209020357316415,0.0008355303873418703,0.00038541189001311155,0.0004768486028231218,0.007449803603900727,0.9693096174366367,0.0003532628098648123,0.009972314222845597,0.00116136689888538,0.0005061295355996907
621,0.0001803852107273793,0.007455823395782816,0.000341654204182526,0.0009206896074234466,0.0008352584316206453,0.0003853221963413635,0.0004766112640349161,0.0073035567404095975,0.9708632902071369,0.00035318829577288697,0.009217540722103823,0.0011606636056204168,0.000506016118843286
641,0.00018032035084870546,0.006960981111260473,0.0003415711660518783,0.0009205178487715938,0.0008350429583495017,0.00038524979608873107,0.00047642226015418595,0.007186386664579452,0.9720750422156815,0.00035312884757413357,0.00861930330104614,0.0011601085150763184,0.0005059249645174132
661,0.00018026861505484308,0.006585123199731363,0.0003415050582915012,0.0009203791735335243,0.000834872339058431,0.000385191409207107,0.00047627181928062913,0.007092537497467891,0.973019555727102,0.00035308144333080326,0.00814569120399454,0.0011596707492678253,0.0005058517646795281
681,0.00018022736732175746,0.0062998763543243306,0.000341452445373949,0.0009202673441565704,0.0008347372864050391,0.00038514436235707075,0.0004761521151096614,0.007017384623353977,0.9737555060564014,0.00035304365710718175,0.007771089668870998,0.001159325694946316,0.0005057930242718615
701,0.00018019449409679758,0.0060835261427286385,0.000341410581468276,0.0009201772551013727,0.0008346304068414323,0.00038510648115575816,0.0004760568917122567,0.006957215029721418,0.9743288513473223,0.00035301354553846147,0.007475018102616162,0.0011590538067770232,0.0005057459149201909
721,0.00018016830327672125,0.005919500872412755,0.00034137727513276485,0.000920104742495957,0.0008345458283373406,0.00038507600025201535,0.00047598115581478956,0.0069090494127351295,0.97477550820222,0.0003529895543363013,0.007241150893262959,0.001158839607267423,0.0005057081524558731
741,0.00018014744178358288,0.0057951805451675375,0.00034135077925968177,0.0009200464203334384,0.0008344788951459745,0.00038505148866083095,0.000475920926399853,0.006870498398519996,0.9751235004562984,0.0003529704418973977,0.007056505446066708,0.0011586708651966802,0.0005056778952699804
761,0.00018013082866736484,0.0057009699988168705,0.00034132970208692654,0.0009199995416478581,0.0008344259202248291,0.00038503178805176656,0.0004758730321536363,0.006839646537511469,0.975394668973252,0.0003529552172965643,0.006910776870799444,0.0011585379289174897,0.0005056536605736958
781,0.00018011760103308396,0.005629582702582279,0.0003413129355639512,0.000919961882199111,0.0008343839859927118,0.0003850159619489653,0.0004758349483503354,0.006814958842214723,0.975606022939983,0.0003529430902053221,0.006795797663970711,0.0011584331901499975,0.0005056342558059989
801,0.00018010707047410609,0.005575490249520931,0.0003412995978806619,0.0009199316438609774,0.0008343507849016379,0.000385003254058818,0.00047580466593978446,0.006795205578023889,0.9757708025057974,0.00035293343059362737,0.006705101840707671,0.0011583506555389014,0.0005056187227014035
821,0.0001800986880586413,0.005534500895091679,0.00034128898747496863,0.0009199073749085175,0.0008343244923971257,0.00038499305418740514,0.0004757805867490429,0.006779401802556172,0.975899311365259,0.0003529257363948659,0.0066335751191269905,0.0011582856059529991,0.0005056062918426143
841,0.00018009201624586527,0.00550343786186165,0.0003412805462954925,0.0009198879045887276,0.0008343036659906076,0.0003849848704368723,0.000475761439750266,0.006766758801274302,0.9759995673461985,0.0003529196076152857,0.006577175267401325,0.00115823432650508,0.0005055963458361507
861,0.00018008670639532245,0.005479894351997411,0.0003412738304979457,0.0009198722896332095,0.0008342871652482956,0.00038497830657396924,0.0004757462142568161,0.0067566451051188385,0.9760778098053199,0.000352914725636227,0.00653270921662503,0.0011581938931554104,0.0005055883895414889
881,0.00018008248077785614,0.005462047296217005,0.00034126848709505677,0.00091985977067429,0.0008342740884566565,0.00038497304364358683,0.0004757341066827345,0.006748555217065277,0.9761388948090512,0.000352910836687097,0.006497655833256606,0.001158162004346957,0.0005055820260457807
901,0.00018007911820118794,0.005448515939007146,0.00034126423536443636,0.00091984973682303,0.0008342637225395367,0.00038496882505562567,0.0004757244781457749,0.006742084534722514,0.9761866026308404,0.00035290773866013817,0.006470025254996885,0.0011581368483399557,0.0005055769373034091
921,0.00018007644253282922,0.0054382545694969175,0.00034126085205285993,0.0009198416969414081,0.0008342555034802689,0.0003849654445063908,0.0004757168207254148,0.006736909249077277,0.9762238768768434,0.0003529052705979811,0.00644824740642409,0.0011581169987680503,0.0005055728685530941
941,0.00018007431354209668,0.005430471210631937,0.00034125815960622146,0.0009198352563840526,0.0008342489850574258,0.0003849627362080165,0.0004757107306205316,0.0067327702370859315,0.9762530103777244,0.0003529033043160467,0.006431083740576273,0.0011581013324595375,0.0005055696157877218
961,0.0001800726195963346,0.005424566016338241,0.00034125601680883044,0.0009198300981954264,0.0008342438141525164,0.00038496056699363786,0.0004757058868024516,0.006729460158021142,0.9762757896751258,0.0003529017377284482,0.006417557429750738,0.0011580889647994828,0.0005055670156870402
981,0.00018007127183833102,0.005420084616562961,0.000341254311340096,0.00091982596792752,0.0008342397112489076,0.0003849588299444478,0.00047570203404196,0.006726813118658016,0.9762936073246291,0.0003529004895322149,0.006406898187844578,0.0011580791988972745,0.0005055649375346581
1001,0.00018007019954611008,0.005416682791532161,0.0003412529538564252,0.000919822661393668,0.0008342364550294961,0.0003849574392497601,0.0004756989694160073,0.0067246963974647075,0.9763075491931424,0.00035289949497402606,0.006398498682050485,0.001158071485612649,0.0005055632767319916
1021,0.00018006934643602802,0.00541409972804083,0.00034125187328602,0.0009198200147995393,0.0008342338702098228,0.0003849563260647627,0.00047569653158170206,0.0067230038186516464,0.9763184623315211,0.0003528987024793284,0.00639188011521412,0.0011580653921189241,0.0005055619495962448
1041,0.00018006866771809034,0.005412137774307014,0.0003412510130880207,0.0009198178967960876,0.0008342318179249876,0.00038495543517466706,0.00047569459225050404,0.006721650447901907,0.9763270077582229,0.0003528980709682974,0.006386665059280412,0.001158060577177011,0.0005055608891900333
1061,0.00018006812775088452,0.005410647114475307,0.0003412503282782818,0.0009198162020845505,0.0008342301881324451,0.00038495472230997346,0.00047569304941143053,0.006720568346659143,0.9763337015210208,0.00035289756771872643,0.006382556018495179,0.0011580567716841488,0.0005055600419793077
1081,0.00018006769817433427,0.00540951416687826,0.0003412497830645796,0.0009198148462735276,0.0008342288936062818,0.0003849541519870218,0.00047569182194447487,0.006719703174079615,0.9763389466508383,0.0003528971666643904,0.0063793185179644414,0.0011580537633688005,0.0005055593651559705
1101,0.0001800673564231216,0.005408652800627183,0.00034124934896626226,0.0009198137617452658,0.0008342278651882127,0.0003849536957719758,0.0004756908453389682,0.00671901146766645,0.976343058037086,0.00035289684704012153,0.006376767764907947,0.0011580513847449971,0.0005055588244936152
1121,0.000180067084543309,0.005407997685202721,0.0003412490033190048,0.0009198128943347194,0.0008342270480311642,0.00038495333088588266,0.000475690068290118,0.006718458467217696,0.9763462818000339,0.00035289659230290985,0.006374758129578451,0.0011580495036294732,0.0005055583926306929
1141,0.00018006686825041747,0.0054074992544016,0.00034124872808571097,0.0009198122006627899,0.0008342263986270842,0.0003849530390843057,0.00047568944999350964,0.006718016373669999,0.9763488103836346,0.00035289638927276816,0.006373174850946644,0.001158048015674318,0.0005055580476962335
1161,0.0001800666961797576,0.0054071198921790235,0.00034124850891079913,0.0009198116459957284,0.0008342258824545177,0.00038495280575784807,0.0004756889579943275,0.006717662956018542,0.976350794318984,0.00035289622744855316,0.006371927497381767,0.0011580468384850958,0.0005055577722100138
1181,0.0001800665592898197,0.005406831043421206,0.00034124833436800274,0.0009198112025275388,0.0008342254721161527,0.0003849526192102963,0.0004756885664774828,0.006717380436800478,0.9763523513966355,0.00035289609846309597,0.00637094481150147,0.0011580459069864921,0.0005055575522025346
1201,0.0001800664503875021,0.005406611024938817,0.00034124819536203156,0.0009198108480022578,0.0008342251458638323,0.00038495247007951084,0.0004756882549081805,0.006717154600492844,0.9763535738214814,0.0003528959956492426,0.006370170646553598,0.0011580451697698587,0.0005055573765110164
1221,0.0001800663637503195,0.0054064433666395845,0.0003412480846525902,0.0009198105646092064,0.0008342248864300883,0.000384952350872987,0.0004756880069510545,0.0067169740802798675,0.9763545337962386,0.00035289591369421706,0.006369560763451301,0.001158044586213804,0.0005055572362162875
1241,0.00018006629482579493,0.005406315554195244,0.0003412479964756945,0.0009198103380973834,0.000834224680102223,0.00038495225559549793,0.00047568780961072837,0.006716829787535885,0.9763552878804479,0.0003528958483643097,0.0063690803063434585,0.0011580441242135817,0.0005055571241924515
1261,0.00018006623999227713,0.005406218075806286,0.0003412479262423751,0.0009198101570657276,0.0008342245159883893,0.0003849521794506393,0.0004756876525484083,0.00671671445548998,0.976355880394904,0.00035289579628557165,0.006368701813089592,0.0011580437583900557,0.0005055570347467858
1281,0.00018006619636863982,0.005406143699339307,0.00034124787029893815,0.0009198100123944623,0.0008342243854357072,0.00038495211860168146,0.0004756875275384233,0.006716622274237731,0.9763563460816302,0.00035289575476911346,0.0063684036473774935,0.0011580434686765935,0.0005055569633318431
1301,0.00018006616166287628,0.005406086924021332,0.00034124782573618606,0.0009198098967895875,0.000834224281568791,0.0003849520699799825,0.0004756874280360248,0.006716548598827969,0.9763567121830058,0.00035289572167192734,0.00636816876318037,0.0011580432392038285,0.0005055569063152965
1321,0.00018006613405164437,0.005406043564427921,0.0003412477902375926,0.0009198098044180894,0.0008342241989236841,0.0003849520311315471,0.0004756873488336552,0.006716489715804469,0.9763570000675219,0.00035289569528600405,0.006367983731148313,0.0011580430574192834,0.0005055568607959767
1341,0.00018006611208443575,0.005406010434757465,0.0003412477619584669,0.0009198097306158423,0.0008342241331574052,0.0003849520000941523,0.0004756872857875545,0.006716442656504944,0.9763572265015082,0.0003528956742499868,0.0063678379714324496,0.00115804291339223,0.0005055568244568381
1361,0.00018006609460733883,0.00540598510914673,0.0003412477394297777,0.0009198096716537925,0.0008342240808174394,0.00038495197529898406,0.000475687235600308,0.006716405047759049,0.9763574046443033,0.0003528956574787809,0.006367723149192442,0.0011580427992646642,0.000505556795447461
1381,0.00018006608070238848,0.0054059657396585475,0.0003412477214815966,0.0009198096245507973,0.0008342240391587491,0.00038495195549189667,0.0004756871956478726,0.006716374992498504,0.9763575448272904,0.00035289564410746315,0.00636763269830397,0.0011580427088175897,0.00050555677229016
1401,0.0001800660696393181,0.005405950918021728,0.00034124770718215776,0.0009198095869238592,0.0008342240059984994,0.00038495193967040363,0.0004756871638419819,0.006716350974290328,0.9763576551639638,0.0003528956334465881,0.0063675614460882305,0.0011580426371283203,0.0005055567538049659
1421,0.0001800660608371766,0.005405939570572034,0.00034124769578934105,0.0009198095568682855,0.0008342239796006752,0.00038495192703325444,0.0004756871385206822,0.0067163317810023885,0.9763577420278363,0.00035289562494656947,0.006367505317643965,0.001158042580299619,0.000505556739049687
1441,0.00018006605383379543,0.005405930878394746,0.0003412476867120495,0.000919809532861818,0.0008342239585844443,0.0003849519169400998,0.0004756871183612529,0.006716316443769273,0.9763578104269535,0.0003528956181692978,0.0063674611029022055,0.0011580425352455982,0.0005055567272720315
1461,0.000180066048261499,0.005405924216602645,0.000341247679479456,0.0009198095136879473,0.000834223941851352,0.0003849519088792248,0.00047568710231092164,0.006716304188193518,0.9763578642974725,0.00035289561276551914,0.0063674262731016245,0.0011580424995224253,0.000505556717871359
1481,0.00018006604382778203,0.005405919108147585,0.00034124767371651734,0.0009198094983745793,0.0008342239285274764,0.000384951902441741,0.00047568708953174153,0.006716294395330737,0.9763579067338801,0.00035289560845680636,0.0063673988362024665,0.0011580424711944465,0.0005055567103681279
1501,0.00018006604029993854,0.00540591518867425,0.00034124766912447613,0.0009198094861449784,0.0008342239179174483,0.00038495189730094955,0.0004756870793567283,0.0067162865704981185,0.9763579401695748,0.0003528956050211904,0.006367377222979397,0.00115804244872829,0.0005055567043794953
1521,0.0001800660374928351,0.005405912179766164,0.000341247665465338,0.0009198094763785601,0.0008342239094679209,0.00038495189319584007,0.00047568707125496295,0.006716280318338446,0.9763579665185642,0.00035289560228170903,0.006367360197285238,0.0011580424309090914,0.0005055566995998303
1541,0.00018006603525918296,0.005405909868572039,0.0003412476625495032,0.0009198094685795256,0.0008342239027385113,0.00038495188991789683,0.00047568706480381816,0.0067162753228856295,0.9763579872866797,0.0003528956000972772,0.006367346785357465,0.0011580424167742058,0.0005055566957851497
1561,0.00018006603348180069,0.005405908092284646,0.0003412476602259235,0.0009198094623517954,0.0008342238973787096,0.00038495188730055147,0.0004756870596668589,0.006716271331629202,0.9763580036588967,0.0003528955983554105,0.00636733622012725,0.001158042405560737,0.0005055566927406885
1581,0.0001800660320674583,0.005405906726311614,0.0003412476583742577,0.0009198094573789717,0.0008342238931095078,0.000384951885210752,0.0004756870555762546,0.006716268142775882,0.9763580165679061,0.0003528955969664264,0.00636732789734775,0.0011580423966640174,0.0005055566903109767
1601,0.00018006603094198088,0.00540590567525618,0.00034124765689862787,0.0009198094534083241,0.0008342238897087998,0.0003849518835422273,0.00047568705231878426,0.006716265595067245,0.9763580267479887,0.0003528955958588207,0.006367321341033639,0.0011580423896047308,0.0005055566883719166
1621,0.00018006603004635277,0.005405904866037302,0.00034124765572264223,0.0009198094502379872,0.000834223886999758,0.0003849518822100978,0.0004756870497246939,0.006716263559640634,0.9763580347773417,0.00035289559497558094,0.006367316176235832,0.0011580423840028794,0.0005055566868244523
1641,0.00018006602933361873,0.005405904242639478,0.00034124765478543446,0.0009198094477067321,0.0008342238848415934,0.0003849518811465763,0.0004756870476588338,0.006716261933523725,0.9763580411113513,0.00035289559427124917,0.006367312107594917,0.0011580423795571713,0.0005055566855895195
1661,0.00018006602876641868,0.005405903762104289,0.0003412476540385063,0.0009198094456857897,0.0008342238831222007,0.00038495188029752636,0.00047568704601359883,0.006716260634434816,0.9763580461087481,0.0003528955937095793,0.006367308902446678,0.0011580423760286867,0.0005055566846040128
1681,0.00018006602831502659,0.005405903391468633,0.0003412476534432139,0.0009198094440723248,0.0008342238817523097,0.0003849518796197168,0.0004756870447033142,0.006716259596627049,0.9763580500521776,0.0003528955932616706,0.00636730637751378,0.0011580423732279524,0.0005055566838175655
1701,0.0001800660279557896,0.00540590310542487,0.0003412476529687635,0.0009198094427842113,0.000834223880660826,0.0003849518790786251,0.00047568704365976133,0.006716258767566854,0.9763580531643788,0.0003528955929044774,0.006367304388422251,0.0011580423710046857,0.0005055566831899782
1721,0.00018006602766988764,0.005405902884531909,0.00034124765259061813,0.0009198094417558716,0.0008342238797911327,0.00038495187864668614,0.000475687042828623,0.006716258105279534,0.9763580556209139,0.00035289559261962496,0.00636730282144343,0.0011580423692396837,0.0005055566826891682
1741,0.00018006602744234505,0.0054059027138466395,0.00034124765228922343,0.0009198094409349346,0.0008342238790981322,0.00038495187830188887,0.0004756870421666461,0.00671625757622772,0.9763580575601833,0.0003528955923924593,0.006367301586988758,0.0011580423678383771,0.0005055566822895304
1761,0.0001800660272612454,0.005405902581876639,0.0003412476520489976,0.0009198094402795858,0.0008342238785459052,0.00038495187802665954,0.0004756870416393893,0.00671625715361603,0.9763580590913123,0.0003528955922112968,0.006367300614485536,0.0011580423667257383,0.0005055566819706295
1781,0.0001800660271171062,0.00540590247977812,0.0003412476518575228,0.0009198094397564349,0.0008342238781058375,0.0003849518778069659,0.0004756870412194252,0.0067162568160362085,0.9763580603003567,0.0003528955920668197,0.00636729984834039,0.001158042365842237,0.000505556681716157
1801,0.00018006602700238182,0.005405902400741495,0.0003412476517049032,0.000919809439338826,0.0008342238777551381,0.00038495187763160657,0.0004756870408849139,0.006716256546384456,0.9763580612551914,0.00035289559195159857,0.0063672992447596725,0.0011580423651406347,0.0005055566815130992
1821,0.00018006602691106733,0.005405902339520351,0.00034124765158325196,0.0009198094390054714,0.0008342238774756473,0.0003849518774916365,0.00047568704061846104,0.006716256330996228,0.9763580620093592,0.00035289559185970815,0.006367298769244717,0.0011580423645834417,0.0005055566813510691
1841,0.00018006602683838443,0.005405902292070186,0.00034124765148628363,0.0009198094387393787,0.0008342238772529011,0.0003849518773799171,0.0004756870404062159,0.006716256158954924,0.9763580626051038,0.00035289559178642394,0.0063672983946189005,0.001158042364140905,0.0005055566812217782
1861,0.00018006602678053018,0.005405902255271175,0.00034124765140898885,0.0009198094385269788,0.0008342238770753712,0.000384951877290747,0.00047568704023714584,0.006716256021539427,0.9763580630757603,0.00035289559172797753,0.00636729809947342,0.0011580423637894063,0.0005055566811186121
1881,0.00018006602673447829,0.005405902226715331,0.00034124765134737527,0.0009198094383574418,0.0008342238769338756,0.0003849518772195766,0.00047568704010246597,0.006716255911782746,0.976358063447636,0.000352895591681365,0.0063672978669430565,0.001158042363510201,0.000505556681036293
1901,0.0001800660266978202,0.005405902204542915,0.00034124765129826075,0.0009198094382221183,0.0008342238768210962,0.00038495187716277294,0.00047568703999517837,0.006716255824119245,0.9763580637414956,0.00035289559164418963,0.006367297683741774,0.0011580423632884035,0.0005055566809706086
1921,0.00018006602666863916,0.005405902187316784,0.00034124765125910923,0.0009198094381141067,0.0008342238767312036,0.00038495187711743724,0.0004756870399097104,0.006716255754102951,0.976358063973732,0.0003528955916145407,0.0063672975394030665,0.001158042363112202,0.0005055566809181976
1941,0.00018006602664540959,0.005405902173925655,0.00034124765122789933,0.0009198094380278958,0.0008342238766595505,0.00038495187708125443,0.000475687039841623,0.00671625569818231,0.9763580641572874,0.0003528955915908942,0.006367297425681515,0.0011580423629722128,0.0005055566808763783
1961,0.0001800660266269171,0.005405902163509712,0.0003412476512030196,0.0009198094379590859,0.0008342238766024353,0.0003849518770523767,0.00047568703978738045,0.006716255653520318,0.9763580643023814,0.00035289559157203473,0.006367297336081402,0.0011580423628609873,0.0005055566808430102
1981,0.00018006602661219557,0.00540590215540328,0.000341247651183186,0.0009198094379041665,0.0008342238765569067,0.0003849518770293303,0.0004756870397441668,0.00671625561785084,0.9763580644170845,0.0003528955915569934,0.0063672972654853655,0.0011580423627726114,0.000505556680816386
2001,0.00018006602660047578,0.0054059021490907,0.00034124765116737505,0.0009198094378603337,0.0008342238765206137,0.00038495187701093747,0.0004756870397097392,0.006716255589363713,0.976358064507772,0.00035289559154499695,0.006367297209861863,0.0011580423627023857,0.0005055566807951426
2021,0.0001800660265911452,0.0054059021441722555,0.0003412476511547702,0.0009198094378253495,0.0008342238764916829,0.00038495187699625857,0.0004756870396823103,0.006716255566613079,0.9763580645794782,0.00035289559153542876,0.006367297166034784,0.0011580423626465807,0.0005055566807781924
2041,0.00018006602658371683,0.00540590214033793,0.00034124765114472156,0.0009198094377974273,0.0008342238764686193,0.00038495187698454403,0.0004756870396604573,0.006716255548444049,0.9763580646361819,0.00035289559152779765,0.0063672971315018555,0.0011580423626022325,0.0005055566807646682
2061,0.00018006602657780267,0.0054059021373471395,0.0003412476511367105,0.0009198094377751429,0.0008342238764502321,0.0003849518769751952,0.00047568703964304636,0.006716255533934184,0.9763580646810263,0.000352895591521711,0.006367297104291705,0.0011580423625669862,0.0005055566807538771
2081,0.000180066026573094,0.005405902135013055,0.000341247651130324,0.000919809437757358,0.0008342238764355751,0.0003849518769677344,0.0004756870396291742,0.006716255522346716,0.9763580647164948,0.0003528955915168566,0.006367297082851181,0.0011580423625389717,0.0005055566807452674
2101,0.00018006602656934497,0.005405902133190523,0.00034124765112523243,0.0009198094377431651,0.000834223876423889,0.00038495187696178056,0.00047568703961812115,0.0067162555130931955,0.9763580647445501,0.00035289559151298485,0.006367297065956637,0.0011580423625167056,0.0005055566807383979
2121,0.00018006602656635992,0.005405902131766691,0.0003412476511211732,0.0009198094377318363,0.0008342238764145722,0.00038495187695702915,0.00047568703960931455,0.006716255505703617,0.9763580647667437,0.0003528955915098966,0.006367297052643973,0.0011580423624990071,0.0005055566807329166
2141,0.0001800660265639832,0.005405902130653768,0.00034124765111793684,0.0009198094377227963,0.0008342238764071452,0.00038495187695323775,0.0004756870396022977,0.00671625549980262,0.9763580647843019,0.0003528955915074334,0.006367297042153605,0.0011580423624849387,0.0005055566807285437
2161,0.00018006602656209082,0.0054059021297834355,0.00034124765111535665,0.0009198094377155817,0.0008342238764012236,0.00038495187695021196,0.0004756870395967066,0.006716255495090404,0.9763580647981939,0.00035289559150546894,0.006367297033887069,0.001158042362473755,0.0005055566807250544
2181,0.00018006602656058383,0.005405902129102482,0.00034124765111329954,0.0009198094377098242,0.000834223876396502,0.00038495187694779717,0.00047568703959225116,0.006716255491327532,0.976358064809186,0.000352895591503902,0.006367297027372814,0.001158042362464864,0.0005055566807222704
2201,0.00018006602655938394,0.005405902128569443,0.0003412476511116595,0.0009198094377052286,0.0008342238763927376,0.00038495187694587043,0.00047568703958870127,0.006716255488322785,0.9763580648178846,0.00035289559150265213,0.006367297022239312,0.0011580423624577953,0.000505556680720049
2221,0.00018006602655842844,0.00540590212815199,0.0003412476511103517,0.0009198094377015614,0.0008342238763897358,0.00038495187694433266,0.00047568703958587237,0.006716255485923451,0.9763580648247684,0.0003528955915016551,0.006367297018193822,0.001158042362452175,0.0005055566807182769
2241,0.0001800660265576676,0.005405902127824916,0.0003412476511093091,0.0009198094376986353,0.0008342238763873429,0.00038495187694310594,0.00047568703958361826,0.006716255484007583,0.9763580648302169,0.00035289559150086016,0.006367297015005705,0.0011580423624477068,0.0005055566807168631
2261,0.00018006602655706164,0.005405902127568537,0.0003412476511084778,0.0009198094376962996,0.0008342238763854346,0.00038495187694212674,0.00047568703958182195,0.006716255482477779,0.9763580648345292,0.00035289559150022607,0.006367297012493204,0.0011580423624441537,0.0005055566807157345
2281,0.00018006602655657917,0.005405902127367482,0.00034124765110781505,0.0009198094376944359,0.0008342238763839134,0.0003849518769413454,0.00047568703958039064,0.0067162554812562475,0.9763580648379429,0.0003528955914997201,0.006367297010513098,0.001158042362441329,0.0005055566807148346
2301,0.0001800660265561949,0.0054059021272097494,0.00034124765110728667,0.0009198094376929489,0.0008342238763827006,0.00038495187694072194,0.0004756870395792497,0.006716255480280897,0.9763580648406452,0.00035289559149931664,0.0063672970089525514,0.0011580423624390822,0.0005055566807141167
2321,0.00018006602655588888,0.005405902127085947,0.00034124765110686524,0.0009198094376917622,0.000834223876381733,0.00038495187694022434,0.00047568703957834074,0.006716255479502109,0.9763580648427848,0.0003528955914989948,0.006367297007722632,0.001158042362437295,0.0005055566807135436
2341,0.0001800660265556452,0.005405902126988745,0.00034124765110652935,0.0009198094376908146,0.0008342238763809614,0.0003849518769398274,0.00047568703957761633,0.006716255478880291,0.9763580648444785,0.0003528955914987381,0.006367297006753276,0.0011580423624358751,0.0005055566807130865
2361,0.0001800660265554511,0.005405902126912391,0.00034124765110626144,0.0009198094376900586,0.0008342238763803468,0.00038495187693951056,0.0004756870395770389,0.0067162554783837935,0.9763580648458199,0.00035289559149853336,0.006367297005989266,0.0011580423624347443,0.0005055566807127215
2381,0.00018006602655529656,0.005405902126852388,0.00034124765110604786,0.0009198094376894556,0.0008342238763798561,0.0003849518769392579,0.0004756870395765791,0.006716255477987385,0.9763580648468819,0.0003528955914983701,0.006367297005387091,0.0011580423624338464,0.0005055566807124305
2401,0.00018006602655517345,0.005405902126805226,0.0003412476511058776,0.0009198094376889745,0.0008342238763794651,0.0003849518769390562,0.0004756870395762125,0.006716255477670871,0.9763580648477234,0.00035289559149823975,0.006367297004912455,0.0011580423624331319,0.0005055566807121986
2421,0.00018006602655507535,0.005405902126768137,0.00034124765110574184,0.0009198094376885904,0.0008342238763791532,0.0003849518769388951,0.00047568703957592026,0.006716255477418166,0.9763580648483894,0.0003528955914981359,0.00636729700453834,0.001158042362432563,0.0005055566807120133
2441,0.00018006602655499726,0.005405902126738963,0.00034124765110563353,0.000919809437688284,0.0008342238763789052,0.0003849518769387668,0.0004756870395756875,0.006716255477216406,0.9763580648489167,0.00035289559149805305,0.006367297004243461,0.001158042362432111,0.0005055566807118656
2461,0.00018006602655493503,0.005405902126716007,0.00034124765110554733,0.0009198094376880391,0.0008342238763787065,0.0003849518769386642,0.00047568703957550154,0.006716255477055319,0.9763580648493346,0.0003528955914979868,0.006367297004011016,0.0011580423624317508,0.0005055566807117475
2481,0.00018006602655488548,0.005405902126697932,0.0003412476511054782,0.000919809437687844,0.0008342238763785481,0.0003849518769385825,0.0004756870395753536,0.006716255476926715,0.9763580648496658,0.00035289559149793417,0.00636729700382779,0.001158042362431464,0.0005055566807116535
2501,0.00018006602655484604,0.005405902126683704,0.00034124765110542346,0.000919809437687688,0.0008342238763784228,0.0003849518769385173,0.0004756870395752358,0.006716255476824037,0.976358064849928,0.00035289559149789194,0.006367297003683359,0.001158042362431237,0.0005055566807115785
2521,0.0001800660265548146,0.0054059021266724926,0.00034124765110537945,0.0009198094376875635,0.0008342238763783215,0.000384951876938465,0.00047568703957514153,0.006716255476742058,0.9763580648501358,0.0003528955914978586,0.006367297003569494,0.0011580423624310552,0.0005055566807115184
2541,0.00018006602655478964,0.00540590212666366,0.00034124765110534475,0.0009198094376874661,0.000834223876378242,0.0003849518769384239,0.00047568703957506716,0.006716255476676614,0.9763580648503005,0.0003528955914978319,0.0063672970034797435,0.0011580423624309116,0.0005055566807114712
2561,0.0001800660265547697,0.005405902126656704,0.000341247651105317,0.0009198094376873854,0.0008342238763781792,0.0003849518769383908,0.0004756870395750077,0.0067162554766243675,0.9763580648504311,0.0003528955914978107,0.0063672970034089815,0.0011580423624307967,0.000505556680711433
2581,0.0001800660265547538,0.005405902126651213,0.00034124765110529477,0.0009198094376873229,0.0008342238763781268,0.0003849518769383645,0.0004756870395749599,0.006716255476582658,0.9763580648505343,0.0003528955914977934,0.006367297003353207,0.0011580423624307067,0.0005055566807114024
2601,0.00018006602655474107,0.005405902126646878,0.00034124765110527715,0.000919809437687272,0.0008342238763780849,0.0003849518769383426,0.0004756870395749212,0.00671625547654935,0.9763580648506162,0.0003528955914977796,0.006367297003309217,0.001158042362430634,0.0005055566807113777
2621,0.00018006602655473098,0.005405902126643467,0.0003412476511052626,0.0009198094376872318,0.0008342238763780535,0.000384951876938326,0.00047568703957489146,0.006716255476522773,0.9763580648506811,0.00035289559149776905,0.006367297003274548,0.001158042362430575,0.0005055566807113584
2641,0.00018006602655472296,0.005405902126640765,0.0003412476511052513,0.0009198094376871984,0.0008342238763780262,0.00038495187693831224,0.00047568703957486696,0.006716255476501545,0.9763580648507324,0.0003528955914977604,0.006367297003247201,0.0011580423624305254,0.0005055566807113424
2661,0.00018006602655471656,0.005405902126638662,0.00034124765110524256,0.0009198094376871754,0.0008342238763780081,0.00038495187693830205,0.0004756870395748485,0.006716255476484613,0.9763580648507731,0.0003528955914977536,0.006367297003225672,0.0011580423624304938,0.0005055566807113314
2681,0.00018006602655471152,0.005405902126636994,0.0003412476511052355,0.000919809437687155,0.0008342238763779918,0.0003849518769382935,0.0004756870395748333,0.006716255476471078,0.9763580648508056,0.0003528955914977481,0.00636729700320868,0.0011580423624304656,0.0005055566807113216
2701,0.00018006602655470737,0.005405902126635665,0.0003412476511052299,0.0009198094376871389,0.0008342238763779778,0.0003849518769382864,0.0004756870395748211,0.006716255476460272,0.9763580648508311,0.0003528955914977436,0.00636729700319529,0.0011580423624304417,0.0005055566807113135
2721,0.00018006602655470415,0.005405902126634607,0.00034124765110522527,0.0009198094376871257,0.0008342238763779667,0.0003849518769382809,0.00047568703957481134,0.006716255476451646,0.9763580648508513,0.00035289559149774004,0.006367297003184718,0.001158042362430423,0.000505556680711307
2741,0.00018006602655470163,0.0054059021266337735,0.0003412476511052218,0.0009198094376871157,0.0008342238763779587,0.00038495187693827674,0.0004756870395748031,0.006716255476444763,0.9763580648508675,0.00035289559149773733,0.0063672970031763716,0.0011580423624304084,0.0005055566807113022
2761,0.0001800660265546996,0.005405902126633129,0.000341247651105219,0.0009198094376871078,0.0008342238763779523,0.00038495187693827316,0.00047568703957479714,0.006716255476439287,0.9763580648508802,0.0003528955914977351,0.006367297003169797,0.0011580423624303977,0.0005055566807112983
