"gen","AllC","AllD","Random","TitForTat","SuspiciousTFT","GenerousTFT","TitFor2Tats","2TitsForTat","Grim","Pavlov","Gradual","ZD-Extort-2","ZD-Generous"
1,0.08436514346829357,0.058565750397347106,0.06576525560966347,0.08454961001891283,0.06219386325205969,0.08634761229675704,0.0853808026780865,0.08175806202904719,0.08268245620990182,0.0835478810633658,0.08268570452030895,0.05581343200239814,0.08634442645385776
21,0.10977764347843663,0.00023499372061246523,0.0005326977926517204,0.1134663054756288,0.0004990782299011875,0.12137535161235206,0.11685904235202092,0.09909793393013168,0.10438050557892299,0.10714687119939226,0.10435173305750067,0.00021583964518740898,0.12206200392726102
41,0.10984145783383675,0.00021815061300923112,0.00029468679677430143,0.11352750999948394,0.0002977340891755215,0.12147488248372446,0.11694025044078649,0.09910067159944626,0.10438943967387009,0.10718214267677316,0.10436083232124713,0.00020743527587884061,0.12216480619599376
61,0.10985821853187482,0.00021817042549565776,0.0002942015664163667,0.11352839801973778,0.00029729399792744257,0.12150344039788681,0.11695741757639076,0.09907776950867148,0.10435947244629601,0.10717447216509271,0.10433124181794724,0.00020745707184415972,0.12219244647441894
81,0.10987461147965907,0.0002181935801426235,0.00029427093619752343,0.11352912181635855,0.00029735730217837503,0.12153148579532669,0.11697420762922589,0.09905511516836982,0.10432982679895292,0.10716678036200207,0.10430196754711013,0.00020747986718216033,0.12221958171729431
101,0.10989075270287016,0.00021821641115421357,0.0002943406830627031,0.113529821590912,0.000297421048520838,0.12155918893622458,0.11699077361286367,0.09903275779734942,0.10430058120511669,0.10715916446665898,0.10427308762503923,0.00020750236288286686,0.12224639155734439
121,0.10990664628135716,0.00021823892051754006,0.0002944095213336346,0.11353049817025992,0.00029748398390428885,0.121586554391254,0.11700711886744518,0.0990106936111247,0.10427173042504433,0.10715162406078713,0.10424459689840479,0.0002075245616101095,0.1222728803069571
141,0.10992229595828545,0.00021826111269889224,0.00029447745950444385,0.11353115203411492,0.0002975461152499171,0.12161358627293112,0.11702324632456468,0.09898891875787791,0.104243269102619,0.10714415849545417,0.10421649009704503,0.0002075464672428286,0.12229905180241141
161,0.10993770542047113,0.00021828299210928083,0.0002945445089691969,0.11353178365294798,0.00029760745253084274,0.12164028864271935,0.11703915887616154,0.09896742943616209,0.10421519195418946,0.10713676712500475,0.10418876202195886,0.00020756808361341897,0.12232490983316227
181,0.1099528782998923,0.0002183045631003475,0.0002946106809953854,0.1135323934889486,0.000297668005612521,0.12166666551264355,0.11705485937594193,0.09894622189450203,0.10418749376801072,0.10712944930763604,0.10416140754476587,0.0002075894145055862,0.12235045814344513
201,0.1099678181744903,0.00021832582996509492,0.00029467598671808364,0.11353298199616052,0.00029772778424589936,0.12169272084589652,0.11707035063988361,0.09892529243073982,0.1041601694032676,0.10712220440540966,0.10413442160674789,0.00020761046365491627,0.12237570043282017
221,0.1099825285689565,0.00021834679693861808,0.0002947404371411948,0.11353354962061275,0.00029778679806850573,0.12171845855743306,0.11708563544673194,0.09890463739138744,0.10413321378910885,0.10711503178426145,0.10410779921790356,0.00020763123474944412,0.12240064035670695
241,0.10999701295550837,0.0002183674681988303,0.0002948040431387112,0.11353409680044883,0.0002978450566055529,0.12174388251455909,0.11710071653848843,0.09888425317098833,0.10410662192369585,0.1071079308140095,0.1040815354560148,0.00020765173143021852,0.12242528152691334
261,0.11001127475465532,0.00021838784786718093,0.00029486681545597197,0.11353462396605471,0.00029790256927103955,0.12176899653751237,0.11711559662089438,0.09886413621148728,0.10408038887326371,0.1071009008683622,0.10405562546572661,0.00020767195729186078,0.12244962751215749
281,0.11002531733595217,0.00021840794000936445,0.00029492876471091326,0.11353513154018322,0.00029795934536884326,0.12179380440003601,0.11713027836390709,0.09884428300160795,0.10405450977119454,0.10709394132492518,0.10403006445763861,0.0002076919158831172,0.12247368183858322
301,0.11003914401874362,0.00021842774863602442,0.00029498990139531804,0.1135356199380788,0.0002980153940938116,0.12181830982994582,0.11714476440217024,0.09882469007623926,0.10402897981710386,0.10708705156520723,0.10400484770740916,0.00020771161070740708,0.1224974479902697
321,0.11005275807289716,0.00021844727770344897,0.00029505023587605777,0.11353608956759806,0.0002980707245328467,0.12184251650968958,0.11715905733547824,0.09880535401582934,0.10400379427593909,0.10708023097462592,0.10397997055487192,0.00020773104522336564,0.12252092940973502
341,0.1100661627195261,0.00021846653111425832,0.0002951097783963314,0.11353654082933047,0.00029812534566598303,0.12186642807690046,0.11717315972923471,0.09878627144578746,0.10397894847709031,0.10707347894251203,0.10395542840316375,0.00020775022284537934,0.12254412949843262
361,0.1100793611317022,0.00021848551271808682,0.0002951685390768985,0.11353697411671566,0.00029817926636746306,0.12189004812494265,0.11718707411490452,0.09876743903589383,0.10395443781351298,0.1070667948621137,0.10393121671786455,0.0002077691469441191,0.12256705161724353
381,0.11009235643515777,0.00021850422631225524,0.00029522652791730606,0.11353738981616013,0.00029823249540680255,0.12191338020345127,0.11720080299045976,0.09874885349971703,0.1039302577408624,0.10706017813059923,0.10390733102614871,0.00020778782084706477,0.12258969908696044
401,0.11010515170897887,0.00021852267564243866,0.0002952837547971122,0.11353778830715125,0.00029828504144985567,0.12193642781886511,0.11721434882082123,0.09873051159403926,0.10390640377664014,0.10705362814905982,0.10388376691594817,0.0002078062478390269,0.12261207518876788
421,0.1101177499862873,0.00021854086440332472,0.0002953402294771011,0.1135381699623706,0.00029833691305986834,0.12195919443495293,0.11722771403829221,0.09871241011828852,0.10388287149935219,0.10704714432251115,0.10386052003512697,0.00020782443116266152,0.12263418316471522
441,0.11013015425491422,0.00021855879623926673,0.0002953959616004949,0.11353853514780415,0.0002983881186985309,0.12198168347333341,0.11724090104298866,0.09869454591397916,0.10385965654767788,0.10704072605989431,0.10383758609066619,0.00020784237401898106,0.12265602621818478
461,0.11014236745806323,0.00021857647474492762,0.00029545096069415644,0.11353888422285202,0.00029843866672701923,0.1220038983139887,0.11725391220326163,0.0986769158641584,0.10383675461965075,0.10703437277407658,0.10381496084786088,0.00020786007956785814,0.12267760751435396
481,0.11015439249496438,0.00021859390346591883,0.0002955052361697893,0.11353921754043604,0.00029848856540703566,0.12202584229577138,0.11726674985611614,0.09865951689286173,0.1038141614718497,0.1070280838818508,0.10379264012952702,0.00020787755092852576,0.12269893018065159
501,0.11016623222151906,0.0002186110858994312,0.0002955587973251278,0.1135395354471056,0.00029853782290183725,0.12204751871690582,0.11727941630762348,0.09864234596457387,0.10379187291860209,0.10702185880393475,0.10377061981521964,0.00020789479118007168,0.1227199973072091
521,0.11017788945093533,0.00021862802549485884,0.00029561165334512316,0.11353983828314207,0.00029858644727726323,0.12206893083548269,0.11729191383332832,0.09862540008369784,0.10376988483119699,0.10701569696496974,0.10374889584046175,0.00020791180336192779,0.12274081194730622
541,0.11018936695435418,0.00021864472565441545,0.00029566381330312086,0.11354012638266135,0.00029863444650275137,0.12209008186994816,0.11730424467865051,0.09860867629403022,0.10374819313710895,0.10700959779351815,0.10372746419598307,0.00020792859047435324,0.12276137711781086
561,0.11020066746146742,0.00021866118973374612,0.00029571528616203303,0.11354040007371542,0.00029868182845235085,0.12211097499958658,0.11731641105928184,0.09859217167824397,0.10372679381923285,0.10700356072206099,0.10370632092696933,0.0002079451554789146,0.12278169579961447
581,0.11021179366112617,0.00021867742104252937,0.0002957660807755028,0.1135406596783916,0.0002987286009057271,0.12213161336499719,0.11732841516157777,0.09857588335737764,0.10370568291512902,0.10699758518699455,0.10368546213232198,0.00020796150129895926,0.12280177093806147
601,0.11022274820194058,0.000218693422845074,0.0002958162058890606,0.11354090551291064,0.00029877477154915965,0.12215200006856568,0.11734025914294301,0.09855980849033108,0.10368485651627797,0.10699167062862668,0.10366488396392762,0.00020797763082008365,0.12282160544337352
621,0.11023353369287169,0.00021870919836090922,0.00029586567014127497,0.11354113788772358,0.0002988203479765333,0.12217213817492907,0.11735194513221348,0.09854394427336789,0.10366431076734604,0.10698581649117234,0.10364458262593755,0.00020799354689059755,0.12284120219106894
641,0.11024415270381406,0.0002187247507653672,0.00029591448206489537,0.1135413571076067,0.0002988653376903236,0.12219203071143561,0.11736347523003239,0.09852828793962483,0.10364404186546085,0.10698002222274877,0.10362455437405678,0.00020800925232198313,0.12286056402237759
661,0.11025460776617034,0.00021874008319015982,0.0002959626500879867,0.11354156347175515,0.0002989097481025732,0.12221168066859871,0.11737485150922135,0.09851283675862664,0.10362404605949566,0.10697428727536991,0.10360479551484286,0.0002080247498893479,0.12287969374464937
681,0.11026490137341799,0.0002187551987239486,0.0002960101825350576,0.11354175727387483,0.0002989535865358627,0.12223109100054526,0.11738607601514758,0.09849758803580866,0.10360431964936502,0.10696861110494071,0.10358530240501447,0.00020804004233187438,0.12289859413175878
701,0.110275035981667,0.00021877010041290729,0.0002960570876281795,0.1135419388022738,0.000298996860224274,0.12225026462545896,0.1173971507660849,0.09848253911204399,0.10358485898532879,0.10696299317125044,0.10356607145076882,0.0002080551323532635,0.1229172679245047
721,0.11028501401021028,0.00021878479126127945,0.0002961033734880998,0.11354210833995086,0.00029903957631434653,0.12226920442601763,0.11740807775357133,0.09846768736317836,0.10356566046730584,0.10695743293796589,0.1035470991071088,0.00020807002262217424,0.12293571783100518
741,0.11029483784206622,0.00021879927423192752,0.00029614904813534467,0.11354226616468424,0.0002990817418660257,0.12228791324982535,0.11741885894276105,0.09845303019957004,0.10354672054419754,0.10695192987262414,0.10352838187717872,0.00020808471577265722,0.12295394652708674
761,0.1103045098245131,0.00021881355224687816,0.00029619411949131783,0.11354241254911786,0.00029912336385360614,0.12230639390983977,0.11742949627277242,0.09843856506563624,0.10352803571321978,0.1069464834466245,0.10350991631160993,0.00020809921440458518,0.12297195665667021
781,0.11031403226961581,0.0002188276281878584,0.0002962385953793866,0.11354254776084653,0.0002991644491666643,0.12232464918479323,0.11743999165703098,0.09842428943940545,0.1035096025192445,0.10694109313522032,0.10349169900787408,0.00020811352108407672,0.12298975083215125
801,0.11032340745474527,0.00021884150489682753,0.00029628248352596333,0.11354267206250014,0.0002992050046109872,0.12234268181960986,0.11745034698360812,0.09841020083207581,0.10349141755415031,0.10693575841751034,0.10347372660964638,0.00020812763834391707,0.12300733163477622
821,0.11033263762309012,0.00021885518517650147,0.0002963257915615778,0.11354278571182604,0.00029924503690949175,0.12236049452581696,0.1174605641155556,0.0983962967875784,0.10347347745618163,0.10693047877642932,0.10345599580617663,0.00020814156868397297,0.12302470161501372
841,0.1103417249841617,0.00021886867179087238,0.0002963685270219411,0.11354288896177073,0.0002992845527031374,0.12237808998195142,0.1174706448912352,0.09838257488214723,0.10345577890931598,0.10692525369873873,0.10343850333166965,0.00020815531457160402,0.12304186329292187
861,0.11035067171429018,0.00021888196746571982,0.00029641069734900123,0.11354298206055978,0.00029932355855183135,0.12239547083396078,0.11748059112464446,0.0983690327238949,0.10343831864264118,0.1069200826750168,0.10342124596467268,0.00020816887844206768,0.12305881915851075
881,0.1103594799571153,0.0002188950748891181,0.000296452309891991,0.11354306525177656,0.00029936206093532624,0.12241263969560029,0.11749040460573801,0.09835566795239263,0.10342109342974028,0.10691496519964815,0.10340422052747276,0.00020818226269892192,0.12307557167210074
901,0.11036815182406942,0.00021890799671193647,0.0002964933719084676,0.11354313877444008,0.0002994000662541111,0.12242959914882486,0.1175000871007446,0.09834247823825705,0.1034041000880845,0.10690990077081294,0.10338742388550123,0.00020819546971442154,0.12309212326467656
921,0.11037668939485301,0.0002189207355483335,0.0002965338905653427,0.11354320286308162,0.00029943758083029364,0.1224463517441754,0.11750964035247981,0.09832946128274178,0.10338733547843523,0.10690488889047574,0.10337085294674656,0.00020820850182991078,0.12310847633823688
941,0.11038509471790414,0.00021893329397624535,0.00029657387293990635,0.11354325774781918,0.00029947461090847673,0.12246290000116145,0.1175190660806557,0.09831661481733502,0.10337079650425383,0.1068999290643746,0.10335450466117545,0.00020822136135621188,0.12312463326614004
961,0.11039336981086025,0.00021894567453786785,0.00029661332602083884,0.11354330365443242,0.0002995111626566249,0.12247924640863862,0.11752836598218458,0.098303936603361,0.1033544801111187,0.1068950208020086,0.10333837602016131,0.00020823405057400745,0.12314059639344528
981,0.11040151666101453,0.0002189578797401343,0.0002966522567092196,0.1135433408044352,0.00029954724216692757,0.12249539342518165,0.11753754173148066,0.09829142443158824,0.10333838328615207,0.1068901636166261,0.10332246405592078,0.0002082465717342209,0.12315636803725048
1001,0.1104095372257646,0.00021896991205518508,0.0002966906718195217,0.11354336941514685,0.0002995828554566498,0.12251134347945274,0.11754659498075654,0.09827907612184207,0.10332250305745254,0.10688535702521225,0.10330676584095796,0.000208258927058391,0.12317195048702473
1021,0.1104174334330548,0.00021898177392083414,0.00029672857808060217,0.11354338969976387,0.00029961800846897945,0.12252709897056535,0.11755552736031628,0.09826688952262282,0.10330683649353697,0.10688060054847642,0.10329127848751618,0.0002082711187390421,0.12318734600493815
1041,0.11042520718181269,0.00021899346774102664,0.00029676598213668166,0.11354340186742858,0.00029965270707386536,0.12254266226844394,0.11756434047884455,0.0982548625107279,0.10329138070278883,0.10687589371083885,0.1032759991470366,0.0002082831489400501,0.12320255682618664
1061,0.11043286034237865,0.00021900499588629457,0.0002968028905483165,0.11354340612329776,0.0002996869570688478,0.12255803571417911,0.11757303592369217,0.09824299299088002,0.10327613283291494,0.1068712360404171,0.10326092500962555,0.0002082950197970056,0.12321758515931418
1081,0.11044039475692988,0.00021901636069420415,0.0002968393097933623,0.11354340266861035,0.00029972076417988296,0.122573221620378,0.11758161526115751,0.09823127889535999,0.10326109007040905,0.10686662706901319,0.10324605330352747,0.00020830673341757112,0.12323243318652972
1101,0.11044781223989737,0.00021902756446979832,0.0002968752462679278,0.11354339170075317,0.00029975413406215775,0.12258822227151078,0.11759008003676419,0.09821971818364389,0.10324624964002277,0.10686206633209855,0.10323138129460643,0.00020831829188183427,0.12324710306402112
1121,0.1104551145783775,0.00021903860948603484,0.00029691070628732274,0.11354337341332699,0.00029978707230089973,0.12260303992425339,0.11759843177553615,0.09820830884204544,0.10323160880424383,0.10685755336880111,0.10321690628583356,0.00020832969724265824,0.12326159692226517
1141,0.11046230353253743,0.00021904949798421715,0.0002969456960869933,0.11354334799620981,0.00029981958441217696,0.12261767680782516,0.11760667198226749,0.09819704888336277,0.10321716486278197,0.1068530877218896,0.10320262561678255,0.00020834095152602648,0.12327591686633395
1161,0.11046938083601464,0.0002190602321744215,0.0002969802218234535,0.11354331563562084,0.000299851675843693,0.12263213512432321,0.11761480214178985,0.09818593634653004,0.1032029151520605,0.10684866893775981,0.10318853666313094,0.0002083520567313847,0.12329006497619732
1181,0.11047634819631073,0.00021907081423591808,0.00029701428957520535,0.11354327651418236,0.000299883351975573,0.12264641704905173,0.1176228237192367,0.09817496929627402,0.1031888570447162,0.10684429656641904,0.10317463683616868,0.00020836301483197797,0.1233040433070221
1201,0.11048320729517917,0.00021908124631758632,0.0002970479053436497,0.11354323081098092,0.0002999146181211428,0.12266052473084833,0.11763073816030245,0.09816414582277382,0.10317498794910529,0.1068399701614712,0.10316092358231375,0.000208373827775184,0.12331785388946756
1221,0.11048995978900811,0.00021909153053832658,0.00029708107505399236,0.11354317870162822,0.0002999454795277009,0.1226744602924059,0.11763854689150001,0.09815346404132669,0.103161305308816,0.10683568928010154,0.10314739438263368,0.00020838449748284316,0.12333149872997681
1241,0.11049660730919683,0.00021910166898746512,0.00029711380455613764,0.11354312035831955,0.0002999759413772825,0.1226882258305905,0.11764625132041379,0.09814292209201747,0.10314780660218843,0.10683145348306039,0.1031340467523742,0.00020839502585158368,0.12334497981106635
1261,0.11050315146252718,0.00021911166372515418,0.00029714609962557605,0.11354305594989275,0.00030000600878741737,0.12270182341675522,0.11765385283594991,0.09813251813939203,0.10313448934184029,0.1068272623346481,0.10312087824049364,0.00020840541475314334,0.12335829909160947
1281,0.11050959383152928,0.00021912151678276834,0.0002971779659642616,0.11354298564188561,0.0003000356868118792,0.12271525509705106,0.11766135280858277,0.09812225037213597,0.10312135107419988,0.10682311540269855,0.1031078864292042,0.00020841566603468757,0.12337145850711914
1301,0.11051593597484247,0.00021913123016329398,0.0002972094092014833,0.11354290959659215,0.00030006498044142846,0.12272852289273257,0.1176687525905989,0.0981121170027561,0.10310838937904446,0.10681901225856315,0.10309506893351925,0.00020842578151912338,0.1233844599700255
1321,0.11052217942757024,0.00021914080584171567,0.00029724043489472575,0.11354282797311875,0.0003000938946045484,0.12274162880046159,0.11767605351633734,0.09810211626726799,0.10309560186904537,0.10681495247709404,0.10308242340080732,0.00020843576300541008,0.12339730536995103
1341,0.1105283257016306,0.00021915024576539576,0.0002972710485305221,0.1135427409274384,0.00030012243416817233,0.12275457479260557,0.11768325690242608,0.09809224642488562,0.10308298618931999,0.10681093563662787,0.10306994751035072,0.00020844561226886552,0.12340999657398216
1361,0.11053437628610115,0.00021915955185445126,0.00029730125552530066,0.11354264861244487,0.0003001506039384061,0.12276736281753343,0.11769036404801739,0.09808250575771695,0.10307054001698863,0.10680696131896897,0.10305763897291167,0.00020845533106146955,0.12342253542693743
1381,0.11054033264755879,0.0002191687260021235,0.0002973310612262191,0.11354255117800593,0.00030017840866124087,0.12277999479990698,0.11769737623501768,0.09807289257046194,0.10305826106073841,0.10680302910937216,0.10304549553030402,0.0002084649211121626,0.12343492375163254
1401,0.11054619623041508,0.0002191777700751456,0.0002973604709119943,0.11354244877101528,0.00030020585302326065,0.12279247264096961,0.11770429472831603,0.09806340519011561,0.10304614706039256,0.10679913859652578,0.10303351495497004,0.00020847438412714242,0.12344716334914259
1421,0.11055196845724631,0.00021918668591410336,0.00029738948979372214,0.11354234153544375,0.0003002329416523422,0.12280479821883093,0.11771112077600887,0.09805404196567451,0.10303419578648583,0.10679528937253473,0.10302169504956388,0.0002084837217901554,0.12345925599906081
1441,0.11055765072911841,0.00021919547533379228,0.0002974181230156889,0.11354222961239037,0.000300259679118348,0.12281697338874821,0.11771785560962231,0.098044801267847,0.10302240503984574,0.10679148103290259,0.10301003364654025,0.0002084929357627859,0.12347120345975447
1461,0.1105632444259079,0.0002192041401235695,0.00029744637565617537,0.11354211314013156,0.00030028606993381165,0.12282899998340363,0.11772450044433125,0.09803568148876791,0.10301077265117911,0.10678771317651452,0.10299852860774869,0.00020850202768474046,0.12348300746861723
1481,0.1105687509066177,0.00021921268204770248,0.00029747425272825184,0.11354199225417062,0.00030031211855461725,0.1228408798131795,0.11773105647917502,0.09802668104171583,0.102999296480665,0.106783985405619,0.10298717782403337,0.0002085109991741305,0.12349466974231903
1501,0.11057417150968846,0.00021922110284571157,0.0002975017591805663,0.1135418670872854,0.0003003378293806717,0.12285261466642926,0.11773752489727153,0.09801779836083548,0.1029879744175524,0.10678029732581096,0.10297597921483888,0.00020851985182775048,0.12350619197705291
1521,0.11057950755330481,0.0002192294042327093,0.0002975288998981225,0.11354173776957605,0.0003003632067565686,0.12286420630974493,0.11774390686602682,0.09800903190086277,0.10297680437976416,0.10677664854601274,0.10296493072782024,0.00020852858722135176,0.1235175758487788
1541,0.11058476033569789,0.00021923758789973443,0.0002975556797030526,0.11354160442851138,0.00030038825497224813,0.12287565648822195,0.11775020353734418,0.0980003801368536,0.10296578431350545,0.10677303867845714,0.10295403033845951,0.0002085372069099151,0.12352882301346403
1561,0.11058993113544306,0.00021924565551408227,0.00029758210335537933,0.1135414671889749,0.00030041297826364713,0.12288696692572094,0.11775641604782804,0.09799184156391687,0.10295491219287851,0.10676946733866838,0.10294327604968678,0.00020854571242791888,0.12353993510732159
1581,0.1105950212117533,0.00021925360871963122,0.0002976081755537724,0.11354132617330996,0.0003004373808133454,0.1228981393251251,0.11776254551898717,0.09798341469694993,0.10294418601950191,0.10676593414544433,0.10293266589150656,0.00020855410528960338,0.12355091374704531
1601,0.11060003180476824,0.00021926144913716312,0.0002976339009362945,0.11354118150136425,0.00030046146675120216,0.12290917536859615,0.11776859305743362,0.09797509807037863,0.10293360382213562,0.10676243872083835,0.10292219792062944,0.000208562386989233,0.12356176053004199
1621,0.11060496413583915,0.00021926917836468198,0.00029765928408114297,0.1135410332905331,0.0003004852401549886,0.12292007671782533,0.11777455975508036,0.09796689023789995,0.10292316365631043,0.10675898069014038,0.10291187022010814,0.00020857055900135458,0.12357247703466122
1641,0.11060981940780919,0.00021927679797772634,0.0002976843295073796,0.11354088165580305,0.0003005087050510118,0.12293084501428295,0.11778044668933575,0.09795878977222808,0.10291286360396334,0.10675555968185876,0.10290168089897953,0.00020857862278105254,0.1235830648204222
1661,0.11061459880529058,0.00021928430952967921,0.0002977090416756559,0.11354072670979383,0.00030053186541473427,0.12294148187946423,0.11778625492329506,0.09795079526484486,0.10290270177307734,0.10675217532770133,0.10289162809191091,0.0002085865797642014,0.1235935254282376
1681,0.11061930349493677,0.00021929171455207255,0.00029773342498892866,0.11354056856280005,0.00030055472517138314,0.12295198891513168,0.11779198550593024,0.09794290532575199,0.10289267629732603,0.10674882726255713,0.10288170995885093,0.00020859443136771427,0.12360386038063521
1701,0.11062393462571075,0.00021929901455488866,0.00029775748379316926,0.11354040732283213,0.00030057728819655793,0.12296236770355537,0.11779763947227646,0.09793511858322737,0.10288278533572338,0.10674551512447734,0.1028719246846857,0.00020860217898978936,0.12361407118197698
1721,0.11062849332914998,0.00021930621102685805,0.00029778122237806453,0.11354024309565676,0.0003005995583168275,0.12297261980774989,0.11780321784361722,0.09792743368358499,0.10287302707227872,0.10674223855465675,0.10286227047889923,0.0002086098240101527,0.1236241593186747
1741,0.11063298071962659,0.0002193133054357513,0.0002978046449777094,0.1135400759848359,0.00030062153931032285,0.12298274677170846,0.11780872162766559,0.09791984929093672,0.10286339971565507,0.10673899719741446,0.10285274557523878,0.00020861736779029754,0.12363412625940426
1761,0.11063739789460456,0.00021932029922867006,0.00029782775577129436,0.11353990609176697,0.00030064323490732326,0.12299275012063404,0.11781415181874431,0.09791236408695879,0.10285390149883349,0.10673579070017543,0.10284334823138484,0.00020862481167372224,0.12364397345531652
1781,0.11064174593489262,0.0002193271938323317,0.0002978505588837827,0.11353973351572007,0.00030066464879083537,0.12300263136116774,0.11781950939796297,0.09790497677065996,0.10284453067878147,0.10673261871345131,0.10283407672862517,0.00020863215698616353,0.12365370234024546
1801,0.11064602590489364,0.00021933399065335118,0.000297873058386582,0.11353955835387641,0.00030068578459716656,0.12301239198161489,0.11782479533339271,0.09789768605815351,0.10283528553612584,0.10672948089082127,0.10282492937153395,0.00020863940503582773,0.12366331433091482
1821,0.11065023885284994,0.00021934069107851993,0.0002978952582982081,0.11353938070136507,0.0003007066459164933,0.12302203345216743,0.11783001058023905,0.09789049068243226,0.10282616437483026,0.10672637688891305,0.10281590448765424,0.00020864655711361928,0.12367281082714189
1841,0.11065438581108582,0.00021934729647507908,0.0002979171625849412,0.11353920065129965,0.00030072723629341933,0.12303155722512439,0.1178351560810124,0.09788338939314607,0.10281716552187696,0.1067233063673839,0.10280700042718596,0.00020865361449336558,0.1236821932120381
1861,0.11065846779624552,0.00021935380819099117,0.0002979387751614748,0.11353901829481428,0.0003007475592275331,0.12304096473510948,0.11784023276569555,0.09787638095638268,0.10280828732695313,0.10672026898890144,0.10279821556267747,0.00020866057843203968,0.12369146285220825
1881,0.11066248580952871,0.0002193602275552073,0.0002979600998915585,0.11353883372109881,0.0003007676181739555,0.1230502573992858,0.1178452415519103,0.09786946415445154,0.10279952816214105,0.1067172644191244,0.10278954828872156,0.0002086674501699804,0.123700621097947
1901,0.1106664408369215,0.00021936655587793063,0.00029798114058863216,0.11353864701743403,0.0003007874165438824,0.12305943661756823,0.11785018334508053,0.09786263778566971,0.10279088642161306,0.10671429232668342,0.10278099702165523,0.0002086742309311092,0.12370966928343281
1921,0.11067033384942443,0.00021937279445087565,0.0002980019010164533,0.11353845826922487,0.0003008069577051208,0.12306850377283313,0.11785505903859426,0.09785590066415156,0.10278236052133023,0.10671135238316183,0.10277256019926428,0.0002086809219231434,0.12371860872691973
1941,0.11067416580327774,0.00021937894454752662,0.0002980223848897188,0.1135382675600352,0.00030082624498262096,0.12307746023112526,0.11785986951396257,0.09784925161960073,0.10277394889874576,0.10670844426307677,0.10276423628049117,0.0002086875243378097,0.12372744073092719
1961,0.11067793764018215,0.00021938500742338905,0.00029804259587467766,0.11353807497162034,0.0003008452816589998,0.12308630734186278,0.11786461564097737,0.0978426894971047,0.10276565001251138,0.10670556764385918,0.10275602374514718,0.0002086940393510515,0.12373616658242698
1981,0.11068165028751722,0.00021939098431624068,0.0002980625375897386,0.11353788058395956,0.000300864070975061,0.12309504643803904,0.11786929827786637,0.0978362131569321,0.10275746234218887,0.1067027222058352,0.1027479210936286,0.00020870046812323568,0.12374478755302872
2001,0.11068530465855644,0.00021939687644637767,0.00029808221360606943,0.1135376844752883,0.0003008826161303079,0.12310367883642247,0.11787391827144633,0.0978298214743335,0.10274938438796531,0.10669990763220655,0.10273992684663683,0.00020870681179935676,0.12375330489916224
2021,0.11068890165267839,0.00021940268501685742,0.0002981016274481904,0.11353748672212945,0.0003009009202834504,0.12311220583775374,0.11787847645727427,0.09782351333934357,0.10274141467037094,0.10669712360903165,0.1027320395449019,0.0002087130715092373,0.12376171986225849
2041,0.11069244215557593,0.00021940841121373893,0.00029812078259456036,0.1135372873993247,0.00030091898655290746,0.12312062872694067,0.1178829736597964,0.09781728765658668,0.10273355173000298,0.10669436982520561,0.10272425774891013,0.00020871924836772678,0.1237700336689278
2061,0.11069592703946153,0.00021941405620631984,0.00029813968247815667,0.11353708658006462,0.0003009368180173029,0.12312894877325074,0.11788741069249596,0.09781114334508478,0.10272579412725168,0.10669164597244178,0.1027165800386355,0.00020872534347489804,0.12377824753113673
2081,0.11069935716326929,0.0002194196211473691,0.0002981583304870481,0.11353688433591877,0.00030095441771595566,0.12313716723050083,0.11789178835803771,0.0978050793380679,0.10271814044203045,0.10668895174525213,0.1027090050132745,0.00020873135791624013,0.1237863626463819
2101,0.1107027333728549,0.0002194251071733578,0.00029817672996496146,0.11353668073686524,0.00030097178864936546,0.12314528533724578,0.11789610744841167,0.09779909458278697,0.10271058927351003,0.10668628684092765,0.10270153129098446,0.00020873729276284995,0.12379438019786282
2121,0.11070605650119235,0.00021943051540468698,0.00029819488421184144,0.11353647585131932,0.0003009889337796918,0.12315330431696328,0.11790036874507483,0.09779318804032909,0.10270313923985605,0.10668365095951975,0.10269415750862614,0.000208743149071621,0.1238023013546511
2141,0.11070932736856678,0.000219435846945911,0.0002982127964844041,0.11353626974616265,0.00030100585603122797,0.1231612253782377,0.11790457301909037,0.09778735868543591,0.10269578897797028,0.10668104380382061,0.10268688232150877,0.0002087489278854296,0.12381012727185985
2161,0.11071254678276561,0.00021944110288595883,0.0002982304699966833,0.11353606248677074,0.00030102255829086977,0.12316904971494073,0.1179087210312654,0.0977816055063234,0.1026885371432349,0.10667846507934393,0.10267970440313973,0.0002087546302333184,0.12381785909080867
2181,0.11071571553926673,0.00021944628429835297,0.00029824790792057246,0.11353585413704025,0.0003010390434085789,0.12317677850641032,0.1179128135322872,0.09777592750450445,0.10268138240926135,0.10667591449430623,0.10267262244497657,0.00020876025713067873,0.12382549793918872
2201,0.11071883442142325,0.0002194513922414242,0.00029826511338635833,0.11353564475941724,0.0003010553141978405,0.12318441291762765,0.11791685126285709,0.09777032369461415,0.10267432346764124,0.10667339175960702,0.1026656351561833,0.00020876580957942934,0.12383304493122423
2221,0.11072190420064595,0.00021945642775852362,0.00029828208948324924,0.11353543441492242,0.00030107137343611626,0.12319195409939135,0.11792083495382304,0.09776479310423643,0.10266735902770206,0.10667089658881009,0.10265874126338928,0.0002087712885681936,0.1238405011678333
2241,0.11072492563658325,0.0002194613918782331,0.00029829883925989705,0.11353522316317848,0.000301087223865292,0.12319940318849024,0.11792476532631002,0.09775933477373443,0.10266048781626527,0.10666842869812428,0.1026519395104522,0.00020877669507247455,0.12384786773678605
2261,0.11072789947729761,0.00021946628561457038,0.00029831536572491276,0.11353501106243546,0.00030110286819211914,0.12320676130787317,0.11792864309184899,0.09775394775608161,0.10265370857740776,0.10666598780638431,0.1026452286582233,0.0002087820300548266,0.12385514571286138
2281,0.11073082645944071,0.00021947110996719464,0.00029833167184737703,0.11353479816959583,0.0003011183090886531,0.12321402956681773,0.11793246895250448,0.09774863111669584,0.10264702007222704,0.10666357363503197,0.1026386074843166,0.00020878729446502663,0.12386233615800141
2301,0.11073370730842458,0.00021947586592160607,0.0002983477605573436,0.11353458454024,0.000301133549192685,0.12322120906109665,0.11793624360099962,0.09774338393327572,0.10264042107860936,0.10666118590809699,0.1026320747828809,0.00020879248924024198,0.12386944012146428
2321,0.11073654273859128,0.00021948055444934508,0.0002983636347463363,0.11353437022865047,0.000301148591108168,0.12322830087314099,0.11793996772084005,0.09773820529563891,0.10263391039100106,0.10665882435217793,0.10262562936437519,0.00020879761530519594,0.12387645863997507
2341,0.1107393334533793,0.00021948517650818752,0.00029837929726784227,0.11353415528783588,0.00030116343740564064,0.12323530607220362,0.11794364198643655,0.09773309430556239,0.10262748682018291,0.1066564886964236,0.10261927005534648,0.0002088026735723323,0.12388339273787533
2361,0.11074208014548821,0.00021948973304233762,0.0002983947509377974,0.11353393976955514,0.0003011780906226434,0.12324222571451857,0.11794726706322521,0.09772805007662512,0.10262114919304761,0.10665417867251362,0.10261299569821163,0.00020880766494197646,0.12389024342727027
2381,0.11074478349704027,0.0002194942249826183,0.0002984099985350665,0.11353372372434008,0.0003011925532641313,0.1232490608434596,0.11795084360778668,0.0977230717340528,0.10261489635238047,0.10665189401464009,0.10260680515104138,0.00020881259030249553,0.12389701170817448
2401,0.11074744417973968,0.00021949865324665934,0.0002984250428019178,0.11353350720151897,0.00030120682780288124,0.12325581248969653,0.11795437226796361,0.09771815841456434,0.10260872715664317,0.10664963445948865,0.10260069728734747,0.0002088174505304558,0.12390369856865585
2421,0.11075006285503,0.00021950301873908165,0.0002984398864444928,0.113533290249239,0.00030122091667989507,0.12326248167134976,0.11795785368297647,0.09771330926622064,0.10260264047975964,0.10664739974621965,0.10259467099587286,0.00020882224649077815,0.12391030498497776
2441,0.11075264017424853,0.0002195073223516808,0.0002984545321332685,0.11353307291448801,0.00030123482230479776,0.12326906939414287,0.11796128848353818,0.09770852344827514,0.10259663521090621,0.10664518961644984,0.10258872518038475,0.00020882697903689226,0.12391683192173984
2461,0.1107551767787789,0.000219511564963606,0.0002984689825035154,0.11353285524311664,0.00030124854705622974,0.12327557665155307,0.11796467729196666,0.09770380013102697,0.10259071025430366,0.10664300381423296,0.10258285875947032,0.00020883164901088717,0.1239232803320166
2481,0.11075767330020128,0.00021951574744153931,0.00029848324015574994,0.11353263727985957,0.0003012620932822367,0.12328200442496061,0.11796802072229605,0.09769913849567506,0.10258486452901201,0.10664084208604184,0.10257707066633551,0.00020883625724366203,0.12392965115749487
2501,0.11076013036044006,0.00021951987063986944,0.00029849730765618097,0.11353241906835686,0.00030127546330065353,0.1232883536837952,0.1179713193803871,0.09769453773417455,0.10257909696872916,0.10663870418074986,0.1025713598486062,0.00020884080455507313,0.12393594532860913
2521,0.11076254857190997,0.00021952393540086511,0.00029851118753715155,0.11353220065117442,0.00030128865939948324,0.12329462538568198,0.11797457386403541,0.09768999704909566,0.10257340652159128,0.10663658984961197,0.10256572526813205,0.00020884529175407992,0.1239421637646756
2541,0.11076492853765894,0.0002195279425548455,0.0002985248822975749,0.11353198206982429,0.00030130168383727285,0.1233008204765845,0.11797778476307853,0.09768551565348385,0.10256779214997601,0.1066344988462467,0.10256016590079381,0.000208849719638889,0.12394830737402492
2561,0.11076727085151006,0.0002195318929203481,0.0002985383944033642,0.11353176336478486,0.0003013145388434833,0.12330693989094689,0.11798095265950097,0.09768109277072147,0.10256225283030891,0.10663243092661798,0.10255468073631206,0.00020885408899709595,0.1239543770541325
2581,0.11076957609820101,0.00021953578730429514,0.00029855172628785986,0.11353154457552049,0.00030132722661885627,0.12331298455183398,0.11798407812753935,0.09767672763439225,0.1025567875528722,0.10663038584901614,0.10254926877805973,0.0002088584006058262,0.1239603736917481
2601,0.11077184485352073,0.00021953962650215608,0.0002985648803522487,0.11353132574050079,0.00030133974933577564,0.12331895537106917,0.1179871617337845,0.09767241948814658,0.10255139532161596,0.10662836337404066,0.10254392904287597,0.00020886265523187237,0.1239662981630235
2621,0.11077407768444497,0.00021954341129810977,0.0002985778589659794,0.11353110689721958,0.0003013521091386252,0.12332485324937167,0.11799020403728323,0.09766816758556957,0.10254607515397239,0.1066263632645814,0.10253866056088407,0.00020886685363183215,0.12397215133363863
2641,0.11077627514926928,0.00021954714246520272,0.0002985906644671723,0.11353088808221354,0.0003013643081441413,0.12333067907649119,0.1179932055896384,0.09766397119004953,0.10254082608067226,0.10662438528580055,0.10253346237531026,0.00020887099655224193,0.12397793405892626
2661,0.11077843779774046,0.00021955082076550677,0.0002986032991630256,0.113530669331081,0.00030137634844176346,0.12333643373134129,0.11799616693510778,0.09765982957464966,0.10253564714556358,0.10662242920511492,0.1025283335423058,0.0002088750847297109,0.1239836471839954
2681,0.11078056617118538,0.0002195544469502728,0.0002986157653302148,0.11353045067849979,0.00030138823209397716,0.12334211808213169,0.11799908861070137,0.09765574202198019,0.10253053740543344,0.10662049479217785,0.10252327313077196,0.00020887911889105198,0.12398929154385299
2701,0.11078266080263853,0.00021955802176008388,0.000298628065215288,0.11353023215824452,0.0003013999611366561,0.12334773298649751,0.11800197114627795,0.09765170782407287,0.10252549592983183,0.10661858181886119,0.10251828022218622,0.00020888309975341125,0.12399486796352399
2721,0.11078472221696735,0.0002195615459250055,0.00029864020103505587,0.11353001380320467,0.0003014115375793978,0.12335327929162886,0.11800481506463954,0.09764772628225701,0.10252052180089823,0.10661669005923775,0.10251335391043224,0.0002088870280243965,0.12400037725817067
2741,0.11078675093099596,0.00021956502016473426,0.0002986521749769789,0.11352979564540135,0.00030142296340585696,0.12335875783439694,0.11800762088162549,0.09764379670703704,0.10251561411318967,0.10661481928956358,0.10250849330163044,0.00020889090440220302,0.12400582023320994
2761,0.11078874745362641,0.00021956844518874336,0.00029866398919954656,0.11352957771600432,0.0003014342405740733,0.12336416944148024,0.1180103891062046,0.09763991841797193,0.10251077197351269,0.10661296928826045,0.10250369751397238,0.00020889472957573863,0.1240111976844291
2781,0.11079071228595887,0.00021957182169642737,0.000298675645832654,0.11352936004534876,0.00030144537101679683,0.12336951492948812,0.11801312024056668,0.09763609074355577,0.10250599450075568,0.1066111398358976,0.10249896567755663,0.00020889850422474665,0.12401651039810119
2801,0.11079264592140976,0.00021957515037724506,0.00029868714697797445,0.1135291426629511,0.00030145635664180763,0.1233747951050834,0.11801581478021227,0.09763231302110024,0.10250128082572549,0.10660933071517535,0.10249429693422764,0.00020890222901992722,0.12402175915109781
2821,0.11079454884582768,0.00021957843191085848,0.0002986984947093244,0.11352892559752521,0.0003014671993322331,0.12338001076510305,0.11801847321404155,0.09762858459661888,0.10249663009098467,0.10660754171090676,0.10248969043741563,0.0002089059046230572,0.12402694471100109
2841,0.11079642153760827,0.00021958166696727204,0.0002987096910730275,0.1135287088769984,0.0003014779009468617,0.12338516269667824,0.11802109602444216,0.09762490482471177,0.1024920414506918,0.10660577261000088,0.10248514535197945,0.00020890953168710845,0.12403206783621497
2861,0.11079826446780713,0.0002195848562069688,0.0002987207380882716,0.11352849252852644,0.0003014884633204497,0.12339025167735188,0.11802368368737519,0.0976212730684535,0.10248751407044364,0.10660402320144512,0.10248066085405154,0.0002089131108563649,0.12403712927607362
2881,0.11080007810025075,0.0002195880002810452,0.00029873163774746275,0.11352827657850913,0.00030149888826402937,0.12339527847519535,0.11802623667246125,0.09761768869928085,0.10248304712711981,0.10660229327628859,0.10247623613088479,0.00020891664276653722,0.12404212977095042
